(kicad_pcb (version 20171130) (host pcbnew "(6.0.0-rc1-dev-305-gf0b8b21)")

  (general
    (thickness 1.6)
    (drawings 4)
    (tracks 14)
    (zones 0)
    (modules 9)
    (nets 9)
  )

  (page A4)
  (layers
    (0 F.Cu signal)
    (31 B.Cu signal)
    (32 B.Adhes user)
    (33 F.Adhes user)
    (34 B.Paste user)
    (35 F.Paste user)
    (36 B.SilkS user)
    (37 F.SilkS user)
    (38 B.Mask user)
    (39 F.Mask user)
    (40 Dwgs.User user)
    (41 Cmts.User user)
    (42 Eco1.User user)
    (43 Eco2.User user)
    (44 Edge.Cuts user)
    (45 Margin user)
    (46 B.CrtYd user)
    (47 F.CrtYd user)
    (48 B.Fab user)
    (49 F.Fab user)
  )

  (setup
    (last_trace_width 0.25)
    (trace_clearance 0.2)
    (zone_clearance 0.508)
    (zone_45_only no)
    (trace_min 0.2)
    (via_size 0.8)
    (via_drill 0.4)
    (via_min_size 0.4)
    (via_min_drill 0.3)
    (uvia_size 0.3)
    (uvia_drill 0.1)
    (uvias_allowed no)
    (uvia_min_size 0.2)
    (uvia_min_drill 0.1)
    (edge_width 0.05)
    (segment_width 0.2)
    (pcb_text_width 0.3)
    (pcb_text_size 1.5 1.5)
    (mod_edge_width 0.12)
    (mod_text_size 1 1)
    (mod_text_width 0.15)
    (pad_size 1.5 5.08)
    (pad_drill 0)
    (pad_to_mask_clearance 0.2)
    (aux_axis_origin 0 0)
    (visible_elements FFFFFF7F)
    (pcbplotparams
      (layerselection 0x010fc_ffffffff)
      (usegerberextensions false)
      (usegerberattributes false)
      (usegerberadvancedattributes false)
      (creategerberjobfile false)
      (excludeedgelayer true)
      (linewidth 0.100000)
      (plotframeref false)
      (viasonmask false)
      (mode 1)
      (useauxorigin false)
      (hpglpennumber 1)
      (hpglpenspeed 20)
      (hpglpendiameter 15.000000)
      (psnegative false)
      (psa4output false)
      (plotreference true)
      (plotvalue true)
      (plotinvisibletext false)
      (padsonsilk false)
      (subtractmaskfromsilk false)
      (outputformat 1)
      (mirror false)
      (drillshape 0)
      (scaleselection 1)
      (outputdirectory ""))
  )

  (net 0 "")
  (net 1 "Net-(C1-Pad2)")
  (net 2 "Net-(C1-Pad1)")
  (net 3 GND)
  (net 4 "Net-(C3-Pad2)")
  (net 5 "Net-(C3-Pad1)")
  (net 6 "Net-(J1-Pad1)")
  (net 7 "Net-(J4-Pad2)")
  (net 8 "Net-(J4-Pad1)")

  (net_class Default "This is the default net class."
    (clearance 0.2)
    (trace_width 0.25)
    (via_dia 0.8)
    (via_drill 0.4)
    (uvia_dia 0.3)
    (uvia_drill 0.1)
    (add_net GND)
    (add_net "Net-(C1-Pad1)")
    (add_net "Net-(C1-Pad2)")
    (add_net "Net-(C3-Pad1)")
    (add_net "Net-(C3-Pad2)")
    (add_net "Net-(J1-Pad1)")
    (add_net "Net-(J4-Pad1)")
    (add_net "Net-(J4-Pad2)")
  )

  (module Capacitor_SMD:C_0805_2012Metric_Pad1.15x1.40mm_HandSolder (layer F.Cu) (tedit 5B36C52B) (tstamp 5E3F7E34)
    (at 124.705 65.913 180)
    (descr "Capacitor SMD 0805 (2012 Metric), square (rectangular) end terminal, IPC_7351 nominal with elongated pad for handsoldering. (Body size source: https://docs.google.com/spreadsheets/d/1BsfQQcO9C6DZCsRaXUlFlo91Tg2WpOkGARC1WS5S8t0/edit?usp=sharing), generated with kicad-footprint-generator")
    (tags "capacitor handsolder")
    (path /5E3F4573)
    (attr smd)
    (fp_text reference C1 (at 0 -1.65 180) (layer F.SilkS)
      (effects (font (size 1 1) (thickness 0.15)))
    )
    (fp_text value C (at 0 1.65 180) (layer F.Fab)
      (effects (font (size 1 1) (thickness 0.15)))
    )
    (fp_text user %R (at 0 0 180) (layer F.Fab)
      (effects (font (size 0.5 0.5) (thickness 0.08)))
    )
    (fp_line (start 1.85 0.95) (end -1.85 0.95) (layer F.CrtYd) (width 0.05))
    (fp_line (start 1.85 -0.95) (end 1.85 0.95) (layer F.CrtYd) (width 0.05))
    (fp_line (start -1.85 -0.95) (end 1.85 -0.95) (layer F.CrtYd) (width 0.05))
    (fp_line (start -1.85 0.95) (end -1.85 -0.95) (layer F.CrtYd) (width 0.05))
    (fp_line (start -0.261252 0.71) (end 0.261252 0.71) (layer F.SilkS) (width 0.12))
    (fp_line (start -0.261252 -0.71) (end 0.261252 -0.71) (layer F.SilkS) (width 0.12))
    (fp_line (start 1 0.6) (end -1 0.6) (layer F.Fab) (width 0.1))
    (fp_line (start 1 -0.6) (end 1 0.6) (layer F.Fab) (width 0.1))
    (fp_line (start -1 -0.6) (end 1 -0.6) (layer F.Fab) (width 0.1))
    (fp_line (start -1 0.6) (end -1 -0.6) (layer F.Fab) (width 0.1))
    (pad 2 smd roundrect (at 1.025 0 180) (size 1.15 1.4) (layers F.Cu F.Paste F.Mask) (roundrect_rratio 0.217391)
      (net 1 "Net-(C1-Pad2)"))
    (pad 1 smd roundrect (at -1.025 0 180) (size 1.15 1.4) (layers F.Cu F.Paste F.Mask) (roundrect_rratio 0.217391)
      (net 2 "Net-(C1-Pad1)"))
    (model ${KISYS3DMOD}/Capacitor_SMD.3dshapes/C_0805_2012Metric.wrl
      (at (xyz 0 0 0))
      (scale (xyz 1 1 1))
      (rotate (xyz 0 0 0))
    )
  )

  (module Capacitor_SMD:C_0805_2012Metric_Pad1.15x1.40mm_HandSolder (layer F.Cu) (tedit 5B36C52B) (tstamp 5E3F7E45)
    (at 129.15 66.929 270)
    (descr "Capacitor SMD 0805 (2012 Metric), square (rectangular) end terminal, IPC_7351 nominal with elongated pad for handsoldering. (Body size source: https://docs.google.com/spreadsheets/d/1BsfQQcO9C6DZCsRaXUlFlo91Tg2WpOkGARC1WS5S8t0/edit?usp=sharing), generated with kicad-footprint-generator")
    (tags "capacitor handsolder")
    (path /5E3F463A)
    (attr smd)
    (fp_text reference C2 (at 0 -1.65 270) (layer F.SilkS)
      (effects (font (size 1 1) (thickness 0.15)))
    )
    (fp_text value C (at 0 1.65 270) (layer F.Fab)
      (effects (font (size 1 1) (thickness 0.15)))
    )
    (fp_line (start -1 0.6) (end -1 -0.6) (layer F.Fab) (width 0.1))
    (fp_line (start -1 -0.6) (end 1 -0.6) (layer F.Fab) (width 0.1))
    (fp_line (start 1 -0.6) (end 1 0.6) (layer F.Fab) (width 0.1))
    (fp_line (start 1 0.6) (end -1 0.6) (layer F.Fab) (width 0.1))
    (fp_line (start -0.261252 -0.71) (end 0.261252 -0.71) (layer F.SilkS) (width 0.12))
    (fp_line (start -0.261252 0.71) (end 0.261252 0.71) (layer F.SilkS) (width 0.12))
    (fp_line (start -1.85 0.95) (end -1.85 -0.95) (layer F.CrtYd) (width 0.05))
    (fp_line (start -1.85 -0.95) (end 1.85 -0.95) (layer F.CrtYd) (width 0.05))
    (fp_line (start 1.85 -0.95) (end 1.85 0.95) (layer F.CrtYd) (width 0.05))
    (fp_line (start 1.85 0.95) (end -1.85 0.95) (layer F.CrtYd) (width 0.05))
    (fp_text user %R (at 0 0 270) (layer F.Fab)
      (effects (font (size 0.5 0.5) (thickness 0.08)))
    )
    (pad 1 smd roundrect (at -1.025 0 270) (size 1.15 1.4) (layers F.Cu F.Paste F.Mask) (roundrect_rratio 0.217391)
      (net 2 "Net-(C1-Pad1)"))
    (pad 2 smd roundrect (at 1.025 0 270) (size 1.15 1.4) (layers F.Cu F.Paste F.Mask) (roundrect_rratio 0.217391)
      (net 3 GND))
    (model ${KISYS3DMOD}/Capacitor_SMD.3dshapes/C_0805_2012Metric.wrl
      (at (xyz 0 0 0))
      (scale (xyz 1 1 1))
      (rotate (xyz 0 0 0))
    )
  )

  (module Capacitor_SMD:C_0805_2012Metric_Pad1.15x1.40mm_HandSolder (layer F.Cu) (tedit 5E3F468A) (tstamp 5E3F7E56)
    (at 141.088 65.913)
    (descr "Capacitor SMD 0805 (2012 Metric), square (rectangular) end terminal, IPC_7351 nominal with elongated pad for handsoldering. (Body size source: https://docs.google.com/spreadsheets/d/1BsfQQcO9C6DZCsRaXUlFlo91Tg2WpOkGARC1WS5S8t0/edit?usp=sharing), generated with kicad-footprint-generator")
    (tags "capacitor handsolder")
    (path /5E3F4720)
    (attr smd)
    (fp_text reference C3 (at 0 -1.65) (layer F.SilkS)
      (effects (font (size 1 1) (thickness 0.15)))
    )
    (fp_text value C (at 0 1.65) (layer F.Fab)
      (effects (font (size 1 1) (thickness 0.15)))
    )
    (fp_text user %R (at 0 0) (layer F.Fab)
      (effects (font (size 0.5 0.5) (thickness 0.08)))
    )
    (fp_line (start 1.85 0.95) (end -1.85 0.95) (layer F.CrtYd) (width 0.05))
    (fp_line (start 1.85 -0.95) (end 1.85 0.95) (layer F.CrtYd) (width 0.05))
    (fp_line (start -1.85 -0.95) (end 1.85 -0.95) (layer F.CrtYd) (width 0.05))
    (fp_line (start -1.85 0.95) (end -1.85 -0.95) (layer F.CrtYd) (width 0.05))
    (fp_line (start -0.261252 0.71) (end 0.261252 0.71) (layer F.SilkS) (width 0.12))
    (fp_line (start -0.261252 -0.71) (end 0.261252 -0.71) (layer F.SilkS) (width 0.12))
    (fp_line (start 1 0.6) (end -1 0.6) (layer F.Fab) (width 0.1))
    (fp_line (start 1 -0.6) (end 1 0.6) (layer F.Fab) (width 0.1))
    (fp_line (start -1 -0.6) (end 1 -0.6) (layer F.Fab) (width 0.1))
    (fp_line (start -1 0.6) (end -1 -0.6) (layer F.Fab) (width 0.1))
    (pad 2 smd roundrect (at 1.025 0) (size 1.15 1.4) (layers F.Cu F.Paste F.Mask) (roundrect_rratio 0.217)
      (net 4 "Net-(C3-Pad2)"))
    (pad 1 smd roundrect (at -1.025 0) (size 1.15 1.4) (layers F.Cu F.Paste F.Mask) (roundrect_rratio 0.217391)
      (net 5 "Net-(C3-Pad1)"))
    (model ${KISYS3DMOD}/Capacitor_SMD.3dshapes/C_0805_2012Metric.wrl
      (at (xyz 0 0 0))
      (scale (xyz 1 1 1))
      (rotate (xyz 0 0 0))
    )
  )

  (module Connector_Coaxial:SMA_Amphenol_132289_EdgeMount (layer F.Cu) (tedit 5A1C1810) (tstamp 5E3F7E8A)
    (at 109.982 65.913 180)
    (descr http://www.amphenolrf.com/132289.html)
    (tags SMA)
    (path /5E3F4850)
    (attr smd)
    (fp_text reference J1 (at -3.96 -3 270) (layer F.SilkS)
      (effects (font (size 1 1) (thickness 0.15)))
    )
    (fp_text value Conn_Coaxial (at 5 6 180) (layer F.Fab)
      (effects (font (size 1 1) (thickness 0.15)))
    )
    (fp_line (start -1.91 5.08) (end 4.445 5.08) (layer F.Fab) (width 0.1))
    (fp_line (start -1.91 3.81) (end -1.91 5.08) (layer F.Fab) (width 0.1))
    (fp_line (start 2.54 3.81) (end -1.91 3.81) (layer F.Fab) (width 0.1))
    (fp_line (start 2.54 -3.81) (end 2.54 3.81) (layer F.Fab) (width 0.1))
    (fp_line (start -1.91 -3.81) (end 2.54 -3.81) (layer F.Fab) (width 0.1))
    (fp_line (start -1.91 -5.08) (end -1.91 -3.81) (layer F.Fab) (width 0.1))
    (fp_line (start -1.91 -5.08) (end 4.445 -5.08) (layer F.Fab) (width 0.1))
    (fp_line (start 4.445 -3.81) (end 4.445 -5.08) (layer F.Fab) (width 0.1))
    (fp_line (start 4.445 5.08) (end 4.445 3.81) (layer F.Fab) (width 0.1))
    (fp_line (start 13.97 3.81) (end 4.445 3.81) (layer F.Fab) (width 0.1))
    (fp_line (start 13.97 -3.81) (end 13.97 3.81) (layer F.Fab) (width 0.1))
    (fp_line (start 4.445 -3.81) (end 13.97 -3.81) (layer F.Fab) (width 0.1))
    (fp_line (start -3.04 5.58) (end -3.04 -5.58) (layer B.CrtYd) (width 0.05))
    (fp_line (start 14.47 5.58) (end -3.04 5.58) (layer B.CrtYd) (width 0.05))
    (fp_line (start 14.47 -5.58) (end 14.47 5.58) (layer B.CrtYd) (width 0.05))
    (fp_line (start 14.47 -5.58) (end -3.04 -5.58) (layer B.CrtYd) (width 0.05))
    (fp_line (start -3.04 5.58) (end -3.04 -5.58) (layer F.CrtYd) (width 0.05))
    (fp_line (start 14.47 5.58) (end -3.04 5.58) (layer F.CrtYd) (width 0.05))
    (fp_line (start 14.47 -5.58) (end 14.47 5.58) (layer F.CrtYd) (width 0.05))
    (fp_line (start 14.47 -5.58) (end -3.04 -5.58) (layer F.CrtYd) (width 0.05))
    (fp_text user %R (at 4.79 0 90) (layer F.Fab)
      (effects (font (size 1 1) (thickness 0.15)))
    )
    (fp_line (start 2.54 -0.75) (end 3.54 0) (layer F.Fab) (width 0.1))
    (fp_line (start 3.54 0) (end 2.54 0.75) (layer F.Fab) (width 0.1))
    (fp_line (start -3.21 0) (end -3.71 -0.25) (layer F.SilkS) (width 0.12))
    (fp_line (start -3.71 -0.25) (end -3.71 0.25) (layer F.SilkS) (width 0.12))
    (fp_line (start -3.71 0.25) (end -3.21 0) (layer F.SilkS) (width 0.12))
    (pad 1 smd rect (at 0 0 270) (size 1.5 5.08) (layers F.Cu F.Paste F.Mask)
      (net 6 "Net-(J1-Pad1)"))
    (pad 2 smd rect (at 0 -4.25 270) (size 1.5 5.08) (layers F.Cu F.Paste F.Mask)
      (net 3 GND))
    (pad 2 smd rect (at 0 4.25 270) (size 1.5 5.08) (layers F.Cu F.Paste F.Mask)
      (net 3 GND))
    (pad 2 smd rect (at 0 -4.25 270) (size 1.5 5.08) (layers B.Cu B.Paste B.Mask)
      (net 3 GND))
    (pad 2 smd rect (at 0 4.25 270) (size 1.5 5.08) (layers B.Cu B.Paste B.Mask)
      (net 3 GND))
    (model ${KISYS3DMOD}/Connector_Coaxial.3dshapes/SMA_Amphenol_132289_EdgeMount.wrl
      (at (xyz 0 0 0))
      (scale (xyz 1 1 1))
      (rotate (xyz 0 0 0))
    )
  )

  (module Connector_Coaxial:SMA_Amphenol_132289_EdgeMount (layer F.Cu) (tedit 5E3F4750) (tstamp 5E3F7EAD)
    (at 154.686 65.786)
    (descr http://www.amphenolrf.com/132289.html)
    (tags SMA)
    (path /5E3CB9BF)
    (attr smd)
    (fp_text reference J4 (at -3.96 -3 90) (layer F.SilkS)
      (effects (font (size 1 1) (thickness 0.15)))
    )
    (fp_text value Conn_Coaxial (at 5 6) (layer F.Fab)
      (effects (font (size 1 1) (thickness 0.15)))
    )
    (fp_line (start -3.71 0.25) (end -3.21 0) (layer F.SilkS) (width 0.12))
    (fp_line (start -3.71 -0.25) (end -3.71 0.25) (layer F.SilkS) (width 0.12))
    (fp_line (start -3.21 0) (end -3.71 -0.25) (layer F.SilkS) (width 0.12))
    (fp_line (start 3.54 0) (end 2.54 0.75) (layer F.Fab) (width 0.1))
    (fp_line (start 2.54 -0.75) (end 3.54 0) (layer F.Fab) (width 0.1))
    (fp_text user %R (at 4.79 0 270) (layer F.Fab)
      (effects (font (size 1 1) (thickness 0.15)))
    )
    (fp_line (start 14.47 -5.58) (end -3.04 -5.58) (layer F.CrtYd) (width 0.05))
    (fp_line (start 14.47 -5.58) (end 14.47 5.58) (layer F.CrtYd) (width 0.05))
    (fp_line (start 14.47 5.58) (end -3.04 5.58) (layer F.CrtYd) (width 0.05))
    (fp_line (start -3.04 5.58) (end -3.04 -5.58) (layer F.CrtYd) (width 0.05))
    (fp_line (start 14.47 -5.58) (end -3.04 -5.58) (layer B.CrtYd) (width 0.05))
    (fp_line (start 14.47 -5.58) (end 14.47 5.58) (layer B.CrtYd) (width 0.05))
    (fp_line (start 14.47 5.58) (end -3.04 5.58) (layer B.CrtYd) (width 0.05))
    (fp_line (start -3.04 5.58) (end -3.04 -5.58) (layer B.CrtYd) (width 0.05))
    (fp_line (start 4.445 -3.81) (end 13.97 -3.81) (layer F.Fab) (width 0.1))
    (fp_line (start 13.97 -3.81) (end 13.97 3.81) (layer F.Fab) (width 0.1))
    (fp_line (start 13.97 3.81) (end 4.445 3.81) (layer F.Fab) (width 0.1))
    (fp_line (start 4.445 5.08) (end 4.445 3.81) (layer F.Fab) (width 0.1))
    (fp_line (start 4.445 -3.81) (end 4.445 -5.08) (layer F.Fab) (width 0.1))
    (fp_line (start -1.91 -5.08) (end 4.445 -5.08) (layer F.Fab) (width 0.1))
    (fp_line (start -1.91 -5.08) (end -1.91 -3.81) (layer F.Fab) (width 0.1))
    (fp_line (start -1.91 -3.81) (end 2.54 -3.81) (layer F.Fab) (width 0.1))
    (fp_line (start 2.54 -3.81) (end 2.54 3.81) (layer F.Fab) (width 0.1))
    (fp_line (start 2.54 3.81) (end -1.91 3.81) (layer F.Fab) (width 0.1))
    (fp_line (start -1.91 3.81) (end -1.91 5.08) (layer F.Fab) (width 0.1))
    (fp_line (start -1.91 5.08) (end 4.445 5.08) (layer F.Fab) (width 0.1))
    (pad 2 smd rect (at 0 4.25 90) (size 1.5 5.08) (layers B.Cu B.Paste B.Mask)
      (net 7 "Net-(J4-Pad2)"))
    (pad 2 smd rect (at 0 -4.25 90) (size 1.5 5.08) (layers B.Cu B.Paste B.Mask)
      (net 7 "Net-(J4-Pad2)"))
    (pad 2 smd rect (at 0 4.25 90) (size 1.5 5.08) (layers F.Cu F.Paste F.Mask)
      (net 7 "Net-(J4-Pad2)"))
    (pad 2 smd rect (at 0 -4.25 90) (size 1.5 5.08) (layers F.Cu F.Paste F.Mask)
      (net 7 "Net-(J4-Pad2)"))
    (pad 1 smd rect (at 0 0 90) (size 1.5 5.08) (layers F.Cu F.Paste F.Mask)
      (net 8 "Net-(J4-Pad1)"))
    (model ${KISYS3DMOD}/Connector_Coaxial.3dshapes/SMA_Amphenol_132289_EdgeMount.wrl
      (at (xyz 0 0 0))
      (scale (xyz 1 1 1))
      (rotate (xyz 0 0 0))
    )
  )

  (module Inductor_SMD:L_0805_2012Metric_Pad1.15x1.40mm_HandSolder (layer F.Cu) (tedit 5B36C52B) (tstamp 5E3F7EBE)
    (at 119.389 65.786)
    (descr "Capacitor SMD 0805 (2012 Metric), square (rectangular) end terminal, IPC_7351 nominal with elongated pad for handsoldering. (Body size source: https://docs.google.com/spreadsheets/d/1BsfQQcO9C6DZCsRaXUlFlo91Tg2WpOkGARC1WS5S8t0/edit?usp=sharing), generated with kicad-footprint-generator")
    (tags "inductor handsolder")
    (path /5E3F44DE)
    (attr smd)
    (fp_text reference L1 (at 0 -1.65) (layer F.SilkS)
      (effects (font (size 1 1) (thickness 0.15)))
    )
    (fp_text value L (at 0 1.65) (layer F.Fab)
      (effects (font (size 1 1) (thickness 0.15)))
    )
    (fp_line (start -1 0.6) (end -1 -0.6) (layer F.Fab) (width 0.1))
    (fp_line (start -1 -0.6) (end 1 -0.6) (layer F.Fab) (width 0.1))
    (fp_line (start 1 -0.6) (end 1 0.6) (layer F.Fab) (width 0.1))
    (fp_line (start 1 0.6) (end -1 0.6) (layer F.Fab) (width 0.1))
    (fp_line (start -0.261252 -0.71) (end 0.261252 -0.71) (layer F.SilkS) (width 0.12))
    (fp_line (start -0.261252 0.71) (end 0.261252 0.71) (layer F.SilkS) (width 0.12))
    (fp_line (start -1.85 0.95) (end -1.85 -0.95) (layer F.CrtYd) (width 0.05))
    (fp_line (start -1.85 -0.95) (end 1.85 -0.95) (layer F.CrtYd) (width 0.05))
    (fp_line (start 1.85 -0.95) (end 1.85 0.95) (layer F.CrtYd) (width 0.05))
    (fp_line (start 1.85 0.95) (end -1.85 0.95) (layer F.CrtYd) (width 0.05))
    (fp_text user %R (at 0 0) (layer F.Fab)
      (effects (font (size 0.5 0.5) (thickness 0.08)))
    )
    (pad 1 smd roundrect (at -1.025 0) (size 1.15 1.4) (layers F.Cu F.Paste F.Mask) (roundrect_rratio 0.217391)
      (net 6 "Net-(J1-Pad1)"))
    (pad 2 smd roundrect (at 1.025 0) (size 1.15 1.4) (layers F.Cu F.Paste F.Mask) (roundrect_rratio 0.217391)
      (net 1 "Net-(C1-Pad2)"))
    (model ${KISYS3DMOD}/Inductor_SMD.3dshapes/L_0805_2012Metric.wrl
      (at (xyz 0 0 0))
      (scale (xyz 1 1 1))
      (rotate (xyz 0 0 0))
    )
  )

  (module Inductor_SMD:L_0805_2012Metric_Pad1.15x1.40mm_HandSolder (layer F.Cu) (tedit 5B36C52B) (tstamp 5E3F7ECF)
    (at 132.47 66.929 270)
    (descr "Capacitor SMD 0805 (2012 Metric), square (rectangular) end terminal, IPC_7351 nominal with elongated pad for handsoldering. (Body size source: https://docs.google.com/spreadsheets/d/1BsfQQcO9C6DZCsRaXUlFlo91Tg2WpOkGARC1WS5S8t0/edit?usp=sharing), generated with kicad-footprint-generator")
    (tags "inductor handsolder")
    (path /5E3F45D8)
    (attr smd)
    (fp_text reference L2 (at 0 -1.65 270) (layer F.SilkS)
      (effects (font (size 1 1) (thickness 0.15)))
    )
    (fp_text value L (at 0 1.65 270) (layer F.Fab)
      (effects (font (size 1 1) (thickness 0.15)))
    )
    (fp_text user %R (at 0 0 270) (layer F.Fab)
      (effects (font (size 0.5 0.5) (thickness 0.08)))
    )
    (fp_line (start 1.85 0.95) (end -1.85 0.95) (layer F.CrtYd) (width 0.05))
    (fp_line (start 1.85 -0.95) (end 1.85 0.95) (layer F.CrtYd) (width 0.05))
    (fp_line (start -1.85 -0.95) (end 1.85 -0.95) (layer F.CrtYd) (width 0.05))
    (fp_line (start -1.85 0.95) (end -1.85 -0.95) (layer F.CrtYd) (width 0.05))
    (fp_line (start -0.261252 0.71) (end 0.261252 0.71) (layer F.SilkS) (width 0.12))
    (fp_line (start -0.261252 -0.71) (end 0.261252 -0.71) (layer F.SilkS) (width 0.12))
    (fp_line (start 1 0.6) (end -1 0.6) (layer F.Fab) (width 0.1))
    (fp_line (start 1 -0.6) (end 1 0.6) (layer F.Fab) (width 0.1))
    (fp_line (start -1 -0.6) (end 1 -0.6) (layer F.Fab) (width 0.1))
    (fp_line (start -1 0.6) (end -1 -0.6) (layer F.Fab) (width 0.1))
    (pad 2 smd roundrect (at 1.025 0 270) (size 1.15 1.4) (layers F.Cu F.Paste F.Mask) (roundrect_rratio 0.217391)
      (net 3 GND))
    (pad 1 smd roundrect (at -1.025 0 270) (size 1.15 1.4) (layers F.Cu F.Paste F.Mask) (roundrect_rratio 0.217391)
      (net 2 "Net-(C1-Pad1)"))
    (model ${KISYS3DMOD}/Inductor_SMD.3dshapes/L_0805_2012Metric.wrl
      (at (xyz 0 0 0))
      (scale (xyz 1 1 1))
      (rotate (xyz 0 0 0))
    )
  )

  (module Inductor_SMD:L_0805_2012Metric_Pad1.15x1.40mm_HandSolder (layer F.Cu) (tedit 5B36C52B) (tstamp 5E3F7EE0)
    (at 136.135 65.913)
    (descr "Capacitor SMD 0805 (2012 Metric), square (rectangular) end terminal, IPC_7351 nominal with elongated pad for handsoldering. (Body size source: https://docs.google.com/spreadsheets/d/1BsfQQcO9C6DZCsRaXUlFlo91Tg2WpOkGARC1WS5S8t0/edit?usp=sharing), generated with kicad-footprint-generator")
    (tags "inductor handsolder")
    (path /5E3F4695)
    (attr smd)
    (fp_text reference L3 (at 0 -1.65) (layer F.SilkS)
      (effects (font (size 1 1) (thickness 0.15)))
    )
    (fp_text value L (at 0 1.65) (layer F.Fab)
      (effects (font (size 1 1) (thickness 0.15)))
    )
    (fp_line (start -1 0.6) (end -1 -0.6) (layer F.Fab) (width 0.1))
    (fp_line (start -1 -0.6) (end 1 -0.6) (layer F.Fab) (width 0.1))
    (fp_line (start 1 -0.6) (end 1 0.6) (layer F.Fab) (width 0.1))
    (fp_line (start 1 0.6) (end -1 0.6) (layer F.Fab) (width 0.1))
    (fp_line (start -0.261252 -0.71) (end 0.261252 -0.71) (layer F.SilkS) (width 0.12))
    (fp_line (start -0.261252 0.71) (end 0.261252 0.71) (layer F.SilkS) (width 0.12))
    (fp_line (start -1.85 0.95) (end -1.85 -0.95) (layer F.CrtYd) (width 0.05))
    (fp_line (start -1.85 -0.95) (end 1.85 -0.95) (layer F.CrtYd) (width 0.05))
    (fp_line (start 1.85 -0.95) (end 1.85 0.95) (layer F.CrtYd) (width 0.05))
    (fp_line (start 1.85 0.95) (end -1.85 0.95) (layer F.CrtYd) (width 0.05))
    (fp_text user %R (at 0 0) (layer F.Fab)
      (effects (font (size 0.5 0.5) (thickness 0.08)))
    )
    (pad 1 smd roundrect (at -1.025 0) (size 1.15 1.4) (layers F.Cu F.Paste F.Mask) (roundrect_rratio 0.217391)
      (net 2 "Net-(C1-Pad1)"))
    (pad 2 smd roundrect (at 1.025 0) (size 1.15 1.4) (layers F.Cu F.Paste F.Mask) (roundrect_rratio 0.217391)
      (net 5 "Net-(C3-Pad1)"))
    (model ${KISYS3DMOD}/Inductor_SMD.3dshapes/L_0805_2012Metric.wrl
      (at (xyz 0 0 0))
      (scale (xyz 1 1 1))
      (rotate (xyz 0 0 0))
    )
  )

  (module Capacitor_SMD:C_0805_2012Metric_Pad1.15x1.40mm_HandSolder (layer F.Cu) (tedit 5B36C52B) (tstamp 5E3F899D)
    (at 129.023 62.23 270)
    (descr "Capacitor SMD 0805 (2012 Metric), square (rectangular) end terminal, IPC_7351 nominal with elongated pad for handsoldering. (Body size source: https://docs.google.com/spreadsheets/d/1BsfQQcO9C6DZCsRaXUlFlo91Tg2WpOkGARC1WS5S8t0/edit?usp=sharing), generated with kicad-footprint-generator")
    (tags "capacitor handsolder")
    (path /5E3CB8A5)
    (attr smd)
    (fp_text reference C4 (at 0 -1.65 270) (layer F.SilkS)
      (effects (font (size 1 1) (thickness 0.15)))
    )
    (fp_text value C (at 0 1.65 270) (layer F.Fab)
      (effects (font (size 1 1) (thickness 0.15)))
    )
    (fp_line (start -1 0.6) (end -1 -0.6) (layer F.Fab) (width 0.1))
    (fp_line (start -1 -0.6) (end 1 -0.6) (layer F.Fab) (width 0.1))
    (fp_line (start 1 -0.6) (end 1 0.6) (layer F.Fab) (width 0.1))
    (fp_line (start 1 0.6) (end -1 0.6) (layer F.Fab) (width 0.1))
    (fp_line (start -0.261252 -0.71) (end 0.261252 -0.71) (layer F.SilkS) (width 0.12))
    (fp_line (start -0.261252 0.71) (end 0.261252 0.71) (layer F.SilkS) (width 0.12))
    (fp_line (start -1.85 0.95) (end -1.85 -0.95) (layer F.CrtYd) (width 0.05))
    (fp_line (start -1.85 -0.95) (end 1.85 -0.95) (layer F.CrtYd) (width 0.05))
    (fp_line (start 1.85 -0.95) (end 1.85 0.95) (layer F.CrtYd) (width 0.05))
    (fp_line (start 1.85 0.95) (end -1.85 0.95) (layer F.CrtYd) (width 0.05))
    (fp_text user %R (at 0 0 270) (layer F.Fab)
      (effects (font (size 0.5 0.5) (thickness 0.08)))
    )
    (pad 1 smd roundrect (at -1.025 0 270) (size 1.15 1.4) (layers F.Cu F.Paste F.Mask) (roundrect_rratio 0.217391)
      (net 3 GND))
    (pad 2 smd roundrect (at 1.025 0 270) (size 1.15 1.4) (layers F.Cu F.Paste F.Mask) (roundrect_rratio 0.217391)
      (net 2 "Net-(C1-Pad1)"))
    (model ${KISYS3DMOD}/Capacitor_SMD.3dshapes/C_0805_2012Metric.wrl
      (at (xyz 0 0 0))
      (scale (xyz 1 1 1))
      (rotate (xyz 0 0 0))
    )
  )

  (gr_line (start 157.607 58.674) (end 107.188 58.547) (layer Edge.Cuts) (width 0.05))
  (gr_line (start 157.607 73.025) (end 157.607 58.674) (layer Edge.Cuts) (width 0.05))
  (gr_line (start 107.188 73.025) (end 157.607 73.025) (layer Edge.Cuts) (width 0.05))
  (gr_line (start 107.188 58.547) (end 107.188 73.025) (layer Edge.Cuts) (width 0.05))

  (segment (start 123.553 65.786) (end 123.68 65.913) (width 0.25) (layer F.Cu) (net 1) (status 30))
  (segment (start 120.414 65.786) (end 123.553 65.786) (width 0.25) (layer F.Cu) (net 1) (status 30))
  (segment (start 129.141 65.913) (end 129.15 65.904) (width 0.25) (layer F.Cu) (net 2) (status 30))
  (segment (start 125.73 65.913) (end 129.141 65.913) (width 0.25) (layer F.Cu) (net 2) (status 30))
  (segment (start 129.95 65.904) (end 132.47 65.904) (width 0.25) (layer F.Cu) (net 2) (status 20))
  (segment (start 129.15 65.904) (end 129.95 65.904) (width 0.25) (layer F.Cu) (net 2) (status 10))
  (segment (start 135.101 65.904) (end 135.11 65.913) (width 0.25) (layer F.Cu) (net 2) (status 30))
  (segment (start 132.47 65.904) (end 135.101 65.904) (width 0.25) (layer F.Cu) (net 2) (status 30))
  (segment (start 137.835 65.913) (end 140.063 65.913) (width 0.25) (layer F.Cu) (net 5) (status 20))
  (segment (start 137.16 65.913) (end 137.835 65.913) (width 0.25) (layer F.Cu) (net 5) (status 10))
  (segment (start 118.237 65.913) (end 118.364 65.786) (width 0.25) (layer F.Cu) (net 6) (status 30))
  (segment (start 109.982 65.913) (end 118.237 65.913) (width 0.25) (layer F.Cu) (net 6) (status 30))
  (segment (start 154.559 65.913) (end 154.686 65.786) (width 0.25) (layer F.Cu) (net 0) (status 30))
  (segment (start 142.113 65.913) (end 154.559 65.913) (width 0.25) (layer F.Cu) (net 0) (status 30))

  (zone (net 3) (net_name GND) (layer F.Cu) (tstamp 0) (hatch edge 0.508)
    (connect_pads (clearance 0.508))
    (min_thickness 0.254)
    (fill yes (arc_segments 16) (thermal_gap 0.508) (thermal_bridge_width 0.508))
    (polygon
      (pts
        (xy 146.558 58.674) (xy 106.68 58.674) (xy 106.68 74.93) (xy 158.115 74.93) (xy 158.115 58.674)
      )
    )
    (filled_polygon
      (pts
        (xy 157.988 74.803) (xy 106.807 74.803) (xy 106.807 71.039309) (xy 106.903673 71.272698) (xy 107.082301 71.451327)
        (xy 107.31569 71.548) (xy 109.69625 71.548) (xy 109.855 71.38925) (xy 109.855 70.29) (xy 110.109 70.29)
        (xy 110.109 71.38925) (xy 110.26775 71.548) (xy 112.64831 71.548) (xy 112.881699 71.451327) (xy 113.060327 71.272698)
        (xy 113.157 71.039309) (xy 113.157 70.44875) (xy 113.03 70.32175) (xy 151.511 70.32175) (xy 151.511 70.912309)
        (xy 151.607673 71.145698) (xy 151.786301 71.324327) (xy 152.01969 71.421) (xy 154.40025 71.421) (xy 154.559 71.26225)
        (xy 154.559 70.163) (xy 154.813 70.163) (xy 154.813 71.26225) (xy 154.97175 71.421) (xy 157.35231 71.421)
        (xy 157.585699 71.324327) (xy 157.764327 71.145698) (xy 157.861 70.912309) (xy 157.861 70.32175) (xy 157.70225 70.163)
        (xy 154.813 70.163) (xy 154.559 70.163) (xy 151.66975 70.163) (xy 151.511 70.32175) (xy 113.03 70.32175)
        (xy 112.99825 70.29) (xy 110.109 70.29) (xy 109.855 70.29) (xy 106.96575 70.29) (xy 106.807 70.44875)
        (xy 106.807 69.87725) (xy 106.96575 70.036) (xy 109.855 70.036) (xy 109.855 68.93675) (xy 110.109 68.93675)
        (xy 110.109 70.036) (xy 112.99825 70.036) (xy 113.157 69.87725) (xy 113.157 69.286691) (xy 113.060327 69.053302)
        (xy 112.881699 68.874673) (xy 112.64831 68.778) (xy 110.26775 68.778) (xy 110.109 68.93675) (xy 109.855 68.93675)
        (xy 109.69625 68.778) (xy 107.31569 68.778) (xy 107.082301 68.874673) (xy 106.903673 69.053302) (xy 106.807 69.286691)
        (xy 106.807 68.23975) (xy 127.815 68.23975) (xy 127.815 68.655309) (xy 127.911673 68.888698) (xy 128.090301 69.067327)
        (xy 128.32369 69.164) (xy 128.86425 69.164) (xy 129.023 69.00525) (xy 129.023 68.081) (xy 129.277 68.081)
        (xy 129.277 69.00525) (xy 129.43575 69.164) (xy 129.97631 69.164) (xy 130.209699 69.067327) (xy 130.388327 68.888698)
        (xy 130.485 68.655309) (xy 130.485 68.23975) (xy 131.135 68.23975) (xy 131.135 68.655309) (xy 131.231673 68.888698)
        (xy 131.410301 69.067327) (xy 131.64369 69.164) (xy 132.18425 69.164) (xy 132.343 69.00525) (xy 132.343 68.081)
        (xy 132.597 68.081) (xy 132.597 69.00525) (xy 132.75575 69.164) (xy 133.29631 69.164) (xy 133.306712 69.159691)
        (xy 151.511 69.159691) (xy 151.511 69.75025) (xy 151.66975 69.909) (xy 154.559 69.909) (xy 154.559 68.80975)
        (xy 154.813 68.80975) (xy 154.813 69.909) (xy 157.70225 69.909) (xy 157.861 69.75025) (xy 157.861 69.159691)
        (xy 157.764327 68.926302) (xy 157.585699 68.747673) (xy 157.35231 68.651) (xy 154.97175 68.651) (xy 154.813 68.80975)
        (xy 154.559 68.80975) (xy 154.40025 68.651) (xy 152.01969 68.651) (xy 151.786301 68.747673) (xy 151.607673 68.926302)
        (xy 151.511 69.159691) (xy 133.306712 69.159691) (xy 133.529699 69.067327) (xy 133.708327 68.888698) (xy 133.805 68.655309)
        (xy 133.805 68.23975) (xy 133.64625 68.081) (xy 132.597 68.081) (xy 132.343 68.081) (xy 131.29375 68.081)
        (xy 131.135 68.23975) (xy 130.485 68.23975) (xy 130.32625 68.081) (xy 129.277 68.081) (xy 129.023 68.081)
        (xy 127.97375 68.081) (xy 127.815 68.23975) (xy 106.807 68.23975) (xy 106.807 66.725541) (xy 106.843843 66.910765)
        (xy 106.984191 67.120809) (xy 107.194235 67.261157) (xy 107.442 67.31044) (xy 112.522 67.31044) (xy 112.769765 67.261157)
        (xy 112.979809 67.120809) (xy 113.120157 66.910765) (xy 113.167451 66.673) (xy 117.272391 66.673) (xy 117.404414 66.870586)
        (xy 117.695564 67.065127) (xy 118.038999 67.13344) (xy 118.689001 67.13344) (xy 119.032436 67.065127) (xy 119.323586 66.870586)
        (xy 119.389 66.772687) (xy 119.454414 66.870586) (xy 119.745564 67.065127) (xy 120.088999 67.13344) (xy 120.739001 67.13344)
        (xy 121.082436 67.065127) (xy 121.373586 66.870586) (xy 121.568127 66.579436) (xy 121.574778 66.546) (xy 122.493961 66.546)
        (xy 122.525873 66.706436) (xy 122.720414 66.997586) (xy 123.011564 67.192127) (xy 123.354999 67.26044) (xy 124.005001 67.26044)
        (xy 124.348436 67.192127) (xy 124.639586 66.997586) (xy 124.705 66.899687) (xy 124.770414 66.997586) (xy 125.061564 67.192127)
        (xy 125.404999 67.26044) (xy 126.055001 67.26044) (xy 126.398436 67.192127) (xy 126.689586 66.997586) (xy 126.884127 66.706436)
        (xy 126.890778 66.673) (xy 127.938068 66.673) (xy 128.065414 66.863586) (xy 128.066597 66.864377) (xy 127.911673 67.019302)
        (xy 127.815 67.252691) (xy 127.815 67.66825) (xy 127.97375 67.827) (xy 129.023 67.827) (xy 129.023 67.807)
        (xy 129.277 67.807) (xy 129.277 67.827) (xy 130.32625 67.827) (xy 130.485 67.66825) (xy 130.485 67.252691)
        (xy 130.388327 67.019302) (xy 130.233403 66.864377) (xy 130.234586 66.863586) (xy 130.367946 66.664) (xy 131.252054 66.664)
        (xy 131.385414 66.863586) (xy 131.386597 66.864377) (xy 131.231673 67.019302) (xy 131.135 67.252691) (xy 131.135 67.66825)
        (xy 131.29375 67.827) (xy 132.343 67.827) (xy 132.343 67.807) (xy 132.597 67.807) (xy 132.597 67.827)
        (xy 133.64625 67.827) (xy 133.805 67.66825) (xy 133.805 67.252691) (xy 133.708327 67.019302) (xy 133.553403 66.864377)
        (xy 133.554586 66.863586) (xy 133.687946 66.664) (xy 133.947432 66.664) (xy 133.955873 66.706436) (xy 134.150414 66.997586)
        (xy 134.441564 67.192127) (xy 134.784999 67.26044) (xy 135.435001 67.26044) (xy 135.778436 67.192127) (xy 136.069586 66.997586)
        (xy 136.135 66.899687) (xy 136.200414 66.997586) (xy 136.491564 67.192127) (xy 136.834999 67.26044) (xy 137.485001 67.26044)
        (xy 137.828436 67.192127) (xy 138.119586 66.997586) (xy 138.314127 66.706436) (xy 138.320778 66.673) (xy 138.902222 66.673)
        (xy 138.908873 66.706436) (xy 139.103414 66.997586) (xy 139.394564 67.192127) (xy 139.737999 67.26044) (xy 140.388001 67.26044)
        (xy 140.731436 67.192127) (xy 141.022586 66.997586) (xy 141.08789 66.899852) (xy 141.153282 66.997718) (xy 141.444287 67.192161)
        (xy 141.78755 67.26044) (xy 142.43845 67.26044) (xy 142.781713 67.192161) (xy 143.072718 66.997718) (xy 143.267161 66.706713)
        (xy 143.273867 66.673) (xy 151.525811 66.673) (xy 151.547843 66.783765) (xy 151.688191 66.993809) (xy 151.898235 67.134157)
        (xy 152.146 67.18344) (xy 157.226 67.18344) (xy 157.473765 67.134157) (xy 157.683809 66.993809) (xy 157.824157 66.783765)
        (xy 157.87344 66.536) (xy 157.87344 65.036) (xy 157.824157 64.788235) (xy 157.683809 64.578191) (xy 157.473765 64.437843)
        (xy 157.226 64.38856) (xy 152.146 64.38856) (xy 151.898235 64.437843) (xy 151.688191 64.578191) (xy 151.547843 64.788235)
        (xy 151.49856 65.036) (xy 151.49856 65.153) (xy 143.273867 65.153) (xy 143.267161 65.119287) (xy 143.072718 64.828282)
        (xy 142.781713 64.633839) (xy 142.43845 64.56556) (xy 141.78755 64.56556) (xy 141.444287 64.633839) (xy 141.153282 64.828282)
        (xy 141.08789 64.926148) (xy 141.022586 64.828414) (xy 140.731436 64.633873) (xy 140.388001 64.56556) (xy 139.737999 64.56556)
        (xy 139.394564 64.633873) (xy 139.103414 64.828414) (xy 138.908873 65.119564) (xy 138.902222 65.153) (xy 138.320778 65.153)
        (xy 138.314127 65.119564) (xy 138.119586 64.828414) (xy 137.828436 64.633873) (xy 137.485001 64.56556) (xy 136.834999 64.56556)
        (xy 136.491564 64.633873) (xy 136.200414 64.828414) (xy 136.135 64.926313) (xy 136.069586 64.828414) (xy 135.778436 64.633873)
        (xy 135.435001 64.56556) (xy 134.784999 64.56556) (xy 134.441564 64.633873) (xy 134.150414 64.828414) (xy 133.955873 65.119564)
        (xy 133.951012 65.144) (xy 133.687946 65.144) (xy 133.554586 64.944414) (xy 133.263436 64.749873) (xy 132.920001 64.68156)
        (xy 132.019999 64.68156) (xy 131.676564 64.749873) (xy 131.385414 64.944414) (xy 131.252054 65.144) (xy 130.367946 65.144)
        (xy 130.234586 64.944414) (xy 129.943436 64.749873) (xy 129.600001 64.68156) (xy 128.699999 64.68156) (xy 128.356564 64.749873)
        (xy 128.065414 64.944414) (xy 127.926041 65.153) (xy 126.890778 65.153) (xy 126.884127 65.119564) (xy 126.689586 64.828414)
        (xy 126.398436 64.633873) (xy 126.055001 64.56556) (xy 125.404999 64.56556) (xy 125.061564 64.633873) (xy 124.770414 64.828414)
        (xy 124.705 64.926313) (xy 124.639586 64.828414) (xy 124.348436 64.633873) (xy 124.005001 64.56556) (xy 123.354999 64.56556)
        (xy 123.011564 64.633873) (xy 122.720414 64.828414) (xy 122.588391 65.026) (xy 121.574778 65.026) (xy 121.568127 64.992564)
        (xy 121.373586 64.701414) (xy 121.082436 64.506873) (xy 120.739001 64.43856) (xy 120.088999 64.43856) (xy 119.745564 64.506873)
        (xy 119.454414 64.701414) (xy 119.389 64.799313) (xy 119.323586 64.701414) (xy 119.032436 64.506873) (xy 118.689001 64.43856)
        (xy 118.038999 64.43856) (xy 117.695564 64.506873) (xy 117.404414 64.701414) (xy 117.209873 64.992564) (xy 117.177961 65.153)
        (xy 113.167451 65.153) (xy 113.120157 64.915235) (xy 112.979809 64.705191) (xy 112.769765 64.564843) (xy 112.522 64.51556)
        (xy 107.442 64.51556) (xy 107.194235 64.564843) (xy 106.984191 64.705191) (xy 106.843843 64.915235) (xy 106.807 65.100459)
        (xy 106.807 62.539309) (xy 106.903673 62.772698) (xy 107.082301 62.951327) (xy 107.31569 63.048) (xy 109.69625 63.048)
        (xy 109.855 62.88925) (xy 109.855 61.79) (xy 110.109 61.79) (xy 110.109 62.88925) (xy 110.26775 63.048)
        (xy 112.64831 63.048) (xy 112.881699 62.951327) (xy 113.060327 62.772698) (xy 113.157 62.539309) (xy 113.157 61.94875)
        (xy 113.03 61.82175) (xy 151.511 61.82175) (xy 151.511 62.412309) (xy 151.607673 62.645698) (xy 151.786301 62.824327)
        (xy 152.01969 62.921) (xy 154.40025 62.921) (xy 154.559 62.76225) (xy 154.559 61.663) (xy 154.813 61.663)
        (xy 154.813 62.76225) (xy 154.97175 62.921) (xy 157.35231 62.921) (xy 157.585699 62.824327) (xy 157.764327 62.645698)
        (xy 157.861 62.412309) (xy 157.861 61.82175) (xy 157.70225 61.663) (xy 154.813 61.663) (xy 154.559 61.663)
        (xy 151.66975 61.663) (xy 151.511 61.82175) (xy 113.03 61.82175) (xy 112.99825 61.79) (xy 110.109 61.79)
        (xy 109.855 61.79) (xy 106.96575 61.79) (xy 106.807 61.94875) (xy 106.807 61.37725) (xy 106.96575 61.536)
        (xy 109.855 61.536) (xy 109.855 60.43675) (xy 110.109 60.43675) (xy 110.109 61.536) (xy 112.99825 61.536)
        (xy 113.157 61.37725) (xy 113.157 60.786691) (xy 113.104395 60.659691) (xy 151.511 60.659691) (xy 151.511 61.25025)
        (xy 151.66975 61.409) (xy 154.559 61.409) (xy 154.559 60.30975) (xy 154.813 60.30975) (xy 154.813 61.409)
        (xy 157.70225 61.409) (xy 157.861 61.25025) (xy 157.861 60.659691) (xy 157.764327 60.426302) (xy 157.585699 60.247673)
        (xy 157.35231 60.151) (xy 154.97175 60.151) (xy 154.813 60.30975) (xy 154.559 60.30975) (xy 154.40025 60.151)
        (xy 152.01969 60.151) (xy 151.786301 60.247673) (xy 151.607673 60.426302) (xy 151.511 60.659691) (xy 113.104395 60.659691)
        (xy 113.060327 60.553302) (xy 112.881699 60.374673) (xy 112.64831 60.278) (xy 110.26775 60.278) (xy 110.109 60.43675)
        (xy 109.855 60.43675) (xy 109.69625 60.278) (xy 107.31569 60.278) (xy 107.082301 60.374673) (xy 106.903673 60.553302)
        (xy 106.807 60.786691) (xy 106.807 58.801) (xy 157.988 58.801)
      )
    )
  )
)
