(kicad_pcb (version 20171130) (host pcbnew "(5.1.5)-3")

  (general
    (thickness 1.6)
    (drawings 0)
    (tracks 34)
    (zones 0)
    (modules 16)
    (nets 17)
  )

  (page A4)
  (layers
    (0 F.Cu signal)
    (31 B.Cu signal)
    (32 B.Adhes user)
    (33 F.Adhes user)
    (34 B.Paste user)
    (35 F.Paste user)
    (36 B.SilkS user)
    (37 F.SilkS user)
    (38 B.Mask user)
    (39 F.Mask user)
    (40 Dwgs.User user)
    (41 Cmts.User user)
    (42 Eco1.User user)
    (43 Eco2.User user)
    (44 Edge.Cuts user)
    (45 Margin user)
    (46 B.CrtYd user)
    (47 F.CrtYd user)
    (48 B.Fab user)
    (49 F.Fab user)
  )

  (setup
    (last_trace_width 0.25)
    (trace_clearance 0.254)
    (zone_clearance 0.508)
    (zone_45_only no)
    (trace_min 0.2)
    (via_size 0.8)
    (via_drill 0.4)
    (via_min_size 0.4)
    (via_min_drill 0.3)
    (uvia_size 0.3)
    (uvia_drill 0.1)
    (uvias_allowed no)
    (uvia_min_size 0.2)
    (uvia_min_drill 0.1)
    (edge_width 0.05)
    (segment_width 0.2)
    (pcb_text_width 0.3)
    (pcb_text_size 1.5 1.5)
    (mod_edge_width 0.12)
    (mod_text_size 1 1)
    (mod_text_width 0.15)
    (pad_size 1.524 1.524)
    (pad_drill 0.762)
    (pad_to_mask_clearance 0.051)
    (solder_mask_min_width 0.25)
    (aux_axis_origin 0 0)
    (visible_elements FFFFFF7F)
    (pcbplotparams
      (layerselection 0x01000_ffffffff)
      (usegerberextensions false)
      (usegerberattributes false)
      (usegerberadvancedattributes false)
      (creategerberjobfile false)
      (excludeedgelayer true)
      (linewidth 0.100000)
      (plotframeref false)
      (viasonmask false)
      (mode 1)
      (useauxorigin false)
      (hpglpennumber 1)
      (hpglpenspeed 20)
      (hpglpendiameter 15.000000)
      (psnegative false)
      (psa4output false)
      (plotreference true)
      (plotvalue true)
      (plotinvisibletext false)
      (padsonsilk false)
      (subtractmaskfromsilk false)
      (outputformat 1)
      (mirror false)
      (drillshape 0)
      (scaleselection 1)
      (outputdirectory "mill/"))
  )

  (net 0 "")
  (net 1 "Net-(C1-Pad1)")
  (net 2 "Net-(C1-Pad2)")
  (net 3 "Net-(C2-Pad2)")
  (net 4 "Net-(C2-Pad1)")
  (net 5 VCC)
  (net 6 GND)
  (net 7 "Net-(C4-Pad1)")
  (net 8 "Net-(C4-Pad2)")
  (net 9 "Net-(C5-Pad2)")
  (net 10 "Net-(C6-Pad1)")
  (net 11 "Net-(C6-Pad2)")
  (net 12 "Net-(C7-Pad2)")
  (net 13 "Net-(C7-Pad1)")
  (net 14 "Net-(J1-Pad1)")
  (net 15 "Net-(J3-Pad1)")
  (net 16 "Net-(L1-Pad2)")

  (net_class Default "This is the default net class."
    (clearance 0.254)
    (trace_width 0.25)
    (via_dia 0.8)
    (via_drill 0.4)
    (uvia_dia 0.3)
    (uvia_drill 0.1)
    (diff_pair_width 0.254)
    (diff_pair_gap 0.25)
    (add_net GND)
    (add_net "Net-(C1-Pad1)")
    (add_net "Net-(C1-Pad2)")
    (add_net "Net-(C2-Pad1)")
    (add_net "Net-(C2-Pad2)")
    (add_net "Net-(C4-Pad1)")
    (add_net "Net-(C4-Pad2)")
    (add_net "Net-(C5-Pad2)")
    (add_net "Net-(C6-Pad1)")
    (add_net "Net-(C6-Pad2)")
    (add_net "Net-(C7-Pad1)")
    (add_net "Net-(C7-Pad2)")
    (add_net "Net-(J1-Pad1)")
    (add_net "Net-(J3-Pad1)")
    (add_net "Net-(L1-Pad2)")
    (add_net VCC)
  )

  (module Capacitor_SMD:C_0805_2012Metric_Pad1.15x1.40mm_HandSolder (layer F.Cu) (tedit 5B36C52B) (tstamp 5E575FBF)
    (at 127.009 86.995 180)
    (descr "Capacitor SMD 0805 (2012 Metric), square (rectangular) end terminal, IPC_7351 nominal with elongated pad for handsoldering. (Body size source: https://docs.google.com/spreadsheets/d/1BsfQQcO9C6DZCsRaXUlFlo91Tg2WpOkGARC1WS5S8t0/edit?usp=sharing), generated with kicad-footprint-generator")
    (tags "capacitor handsolder")
    (path /5E4487E9)
    (attr smd)
    (fp_text reference C1 (at 0 -1.65) (layer F.SilkS)
      (effects (font (size 1 1) (thickness 0.15)))
    )
    (fp_text value 10u (at 0 1.65) (layer F.Fab)
      (effects (font (size 1 1) (thickness 0.15)))
    )
    (fp_line (start -1 0.6) (end -1 -0.6) (layer F.Fab) (width 0.1))
    (fp_line (start -1 -0.6) (end 1 -0.6) (layer F.Fab) (width 0.1))
    (fp_line (start 1 -0.6) (end 1 0.6) (layer F.Fab) (width 0.1))
    (fp_line (start 1 0.6) (end -1 0.6) (layer F.Fab) (width 0.1))
    (fp_line (start -0.261252 -0.71) (end 0.261252 -0.71) (layer F.SilkS) (width 0.12))
    (fp_line (start -0.261252 0.71) (end 0.261252 0.71) (layer F.SilkS) (width 0.12))
    (fp_line (start -1.85 0.95) (end -1.85 -0.95) (layer F.CrtYd) (width 0.05))
    (fp_line (start -1.85 -0.95) (end 1.85 -0.95) (layer F.CrtYd) (width 0.05))
    (fp_line (start 1.85 -0.95) (end 1.85 0.95) (layer F.CrtYd) (width 0.05))
    (fp_line (start 1.85 0.95) (end -1.85 0.95) (layer F.CrtYd) (width 0.05))
    (fp_text user %R (at 0 0) (layer F.Fab)
      (effects (font (size 0.5 0.5) (thickness 0.08)))
    )
    (pad 1 smd roundrect (at -1.025 0 180) (size 1.15 1.4) (layers F.Cu F.Paste F.Mask) (roundrect_rratio 0.217391)
      (net 1 "Net-(C1-Pad1)"))
    (pad 2 smd roundrect (at 1.025 0 180) (size 1.15 1.4) (layers F.Cu F.Paste F.Mask) (roundrect_rratio 0.217391)
      (net 2 "Net-(C1-Pad2)"))
    (model ${KISYS3DMOD}/Capacitor_SMD.3dshapes/C_0805_2012Metric.wrl
      (at (xyz 0 0 0))
      (scale (xyz 1 1 1))
      (rotate (xyz 0 0 0))
    )
  )

  (module Capacitor_SMD:C_0805_2012Metric_Pad1.15x1.40mm_HandSolder (layer F.Cu) (tedit 5B36C52B) (tstamp 5E575FD0)
    (at 126.755 92.075 180)
    (descr "Capacitor SMD 0805 (2012 Metric), square (rectangular) end terminal, IPC_7351 nominal with elongated pad for handsoldering. (Body size source: https://docs.google.com/spreadsheets/d/1BsfQQcO9C6DZCsRaXUlFlo91Tg2WpOkGARC1WS5S8t0/edit?usp=sharing), generated with kicad-footprint-generator")
    (tags "capacitor handsolder")
    (path /5E449573)
    (attr smd)
    (fp_text reference C2 (at 0 -1.65) (layer F.SilkS)
      (effects (font (size 1 1) (thickness 0.15)))
    )
    (fp_text value 10u (at 0 1.65) (layer F.Fab)
      (effects (font (size 1 1) (thickness 0.15)))
    )
    (fp_text user %R (at 0 0) (layer F.Fab)
      (effects (font (size 0.5 0.5) (thickness 0.08)))
    )
    (fp_line (start 1.85 0.95) (end -1.85 0.95) (layer F.CrtYd) (width 0.05))
    (fp_line (start 1.85 -0.95) (end 1.85 0.95) (layer F.CrtYd) (width 0.05))
    (fp_line (start -1.85 -0.95) (end 1.85 -0.95) (layer F.CrtYd) (width 0.05))
    (fp_line (start -1.85 0.95) (end -1.85 -0.95) (layer F.CrtYd) (width 0.05))
    (fp_line (start -0.261252 0.71) (end 0.261252 0.71) (layer F.SilkS) (width 0.12))
    (fp_line (start -0.261252 -0.71) (end 0.261252 -0.71) (layer F.SilkS) (width 0.12))
    (fp_line (start 1 0.6) (end -1 0.6) (layer F.Fab) (width 0.1))
    (fp_line (start 1 -0.6) (end 1 0.6) (layer F.Fab) (width 0.1))
    (fp_line (start -1 -0.6) (end 1 -0.6) (layer F.Fab) (width 0.1))
    (fp_line (start -1 0.6) (end -1 -0.6) (layer F.Fab) (width 0.1))
    (pad 2 smd roundrect (at 1.025 0 180) (size 1.15 1.4) (layers F.Cu F.Paste F.Mask) (roundrect_rratio 0.217391)
      (net 3 "Net-(C2-Pad2)"))
    (pad 1 smd roundrect (at -1.025 0 180) (size 1.15 1.4) (layers F.Cu F.Paste F.Mask) (roundrect_rratio 0.217391)
      (net 4 "Net-(C2-Pad1)"))
    (model ${KISYS3DMOD}/Capacitor_SMD.3dshapes/C_0805_2012Metric.wrl
      (at (xyz 0 0 0))
      (scale (xyz 1 1 1))
      (rotate (xyz 0 0 0))
    )
  )

  (module Capacitor_SMD:C_0805_2012Metric_Pad1.15x1.40mm_HandSolder (layer F.Cu) (tedit 5B36C52B) (tstamp 5E575FF2)
    (at 137.532 70.993)
    (descr "Capacitor SMD 0805 (2012 Metric), square (rectangular) end terminal, IPC_7351 nominal with elongated pad for handsoldering. (Body size source: https://docs.google.com/spreadsheets/d/1BsfQQcO9C6DZCsRaXUlFlo91Tg2WpOkGARC1WS5S8t0/edit?usp=sharing), generated with kicad-footprint-generator")
    (tags "capacitor handsolder")
    (path /5E462B15)
    (attr smd)
    (fp_text reference C4 (at 0 -1.65) (layer F.SilkS)
      (effects (font (size 1 1) (thickness 0.15)))
    )
    (fp_text value 2.2n (at 0 1.65) (layer F.Fab)
      (effects (font (size 1 1) (thickness 0.15)))
    )
    (fp_line (start -1 0.6) (end -1 -0.6) (layer F.Fab) (width 0.1))
    (fp_line (start -1 -0.6) (end 1 -0.6) (layer F.Fab) (width 0.1))
    (fp_line (start 1 -0.6) (end 1 0.6) (layer F.Fab) (width 0.1))
    (fp_line (start 1 0.6) (end -1 0.6) (layer F.Fab) (width 0.1))
    (fp_line (start -0.261252 -0.71) (end 0.261252 -0.71) (layer F.SilkS) (width 0.12))
    (fp_line (start -0.261252 0.71) (end 0.261252 0.71) (layer F.SilkS) (width 0.12))
    (fp_line (start -1.85 0.95) (end -1.85 -0.95) (layer F.CrtYd) (width 0.05))
    (fp_line (start -1.85 -0.95) (end 1.85 -0.95) (layer F.CrtYd) (width 0.05))
    (fp_line (start 1.85 -0.95) (end 1.85 0.95) (layer F.CrtYd) (width 0.05))
    (fp_line (start 1.85 0.95) (end -1.85 0.95) (layer F.CrtYd) (width 0.05))
    (fp_text user %R (at 0 0) (layer F.Fab)
      (effects (font (size 0.5 0.5) (thickness 0.08)))
    )
    (pad 1 smd roundrect (at -1.025 0) (size 1.15 1.4) (layers F.Cu F.Paste F.Mask) (roundrect_rratio 0.217391)
      (net 7 "Net-(C4-Pad1)"))
    (pad 2 smd roundrect (at 1.025 0) (size 1.15 1.4) (layers F.Cu F.Paste F.Mask) (roundrect_rratio 0.217391)
      (net 8 "Net-(C4-Pad2)"))
    (model ${KISYS3DMOD}/Capacitor_SMD.3dshapes/C_0805_2012Metric.wrl
      (at (xyz 0 0 0))
      (scale (xyz 1 1 1))
      (rotate (xyz 0 0 0))
    )
  )

  (module Capacitor_SMD:C_0805_2012Metric_Pad1.15x1.40mm_HandSolder (layer F.Cu) (tedit 5B36C52B) (tstamp 5E576003)
    (at 138.557 78.604 270)
    (descr "Capacitor SMD 0805 (2012 Metric), square (rectangular) end terminal, IPC_7351 nominal with elongated pad for handsoldering. (Body size source: https://docs.google.com/spreadsheets/d/1BsfQQcO9C6DZCsRaXUlFlo91Tg2WpOkGARC1WS5S8t0/edit?usp=sharing), generated with kicad-footprint-generator")
    (tags "capacitor handsolder")
    (path /5E465A73)
    (attr smd)
    (fp_text reference C5 (at 0 -1.65 90) (layer F.SilkS)
      (effects (font (size 1 1) (thickness 0.15)))
    )
    (fp_text value 10u (at 0 1.65 90) (layer F.Fab)
      (effects (font (size 1 1) (thickness 0.15)))
    )
    (fp_text user %R (at 0 0 90) (layer F.Fab)
      (effects (font (size 0.5 0.5) (thickness 0.08)))
    )
    (fp_line (start 1.85 0.95) (end -1.85 0.95) (layer F.CrtYd) (width 0.05))
    (fp_line (start 1.85 -0.95) (end 1.85 0.95) (layer F.CrtYd) (width 0.05))
    (fp_line (start -1.85 -0.95) (end 1.85 -0.95) (layer F.CrtYd) (width 0.05))
    (fp_line (start -1.85 0.95) (end -1.85 -0.95) (layer F.CrtYd) (width 0.05))
    (fp_line (start -0.261252 0.71) (end 0.261252 0.71) (layer F.SilkS) (width 0.12))
    (fp_line (start -0.261252 -0.71) (end 0.261252 -0.71) (layer F.SilkS) (width 0.12))
    (fp_line (start 1 0.6) (end -1 0.6) (layer F.Fab) (width 0.1))
    (fp_line (start 1 -0.6) (end 1 0.6) (layer F.Fab) (width 0.1))
    (fp_line (start -1 -0.6) (end 1 -0.6) (layer F.Fab) (width 0.1))
    (fp_line (start -1 0.6) (end -1 -0.6) (layer F.Fab) (width 0.1))
    (pad 2 smd roundrect (at 1.025 0 270) (size 1.15 1.4) (layers F.Cu F.Paste F.Mask) (roundrect_rratio 0.217391)
      (net 9 "Net-(C5-Pad2)"))
    (pad 1 smd roundrect (at -1.025 0 270) (size 1.15 1.4) (layers F.Cu F.Paste F.Mask) (roundrect_rratio 0.217391)
      (net 8 "Net-(C4-Pad2)"))
    (model ${KISYS3DMOD}/Capacitor_SMD.3dshapes/C_0805_2012Metric.wrl
      (at (xyz 0 0 0))
      (scale (xyz 1 1 1))
      (rotate (xyz 0 0 0))
    )
  )

  (module Capacitor_SMD:C_0805_2012Metric_Pad1.15x1.40mm_HandSolder (layer F.Cu) (tedit 5B36C52B) (tstamp 5E576014)
    (at 149.216 85.217)
    (descr "Capacitor SMD 0805 (2012 Metric), square (rectangular) end terminal, IPC_7351 nominal with elongated pad for handsoldering. (Body size source: https://docs.google.com/spreadsheets/d/1BsfQQcO9C6DZCsRaXUlFlo91Tg2WpOkGARC1WS5S8t0/edit?usp=sharing), generated with kicad-footprint-generator")
    (tags "capacitor handsolder")
    (path /5E451EC8)
    (attr smd)
    (fp_text reference C6 (at 0 -1.65) (layer F.SilkS)
      (effects (font (size 1 1) (thickness 0.15)))
    )
    (fp_text value 10u (at 0 1.65) (layer F.Fab)
      (effects (font (size 1 1) (thickness 0.15)))
    )
    (fp_line (start -1 0.6) (end -1 -0.6) (layer F.Fab) (width 0.1))
    (fp_line (start -1 -0.6) (end 1 -0.6) (layer F.Fab) (width 0.1))
    (fp_line (start 1 -0.6) (end 1 0.6) (layer F.Fab) (width 0.1))
    (fp_line (start 1 0.6) (end -1 0.6) (layer F.Fab) (width 0.1))
    (fp_line (start -0.261252 -0.71) (end 0.261252 -0.71) (layer F.SilkS) (width 0.12))
    (fp_line (start -0.261252 0.71) (end 0.261252 0.71) (layer F.SilkS) (width 0.12))
    (fp_line (start -1.85 0.95) (end -1.85 -0.95) (layer F.CrtYd) (width 0.05))
    (fp_line (start -1.85 -0.95) (end 1.85 -0.95) (layer F.CrtYd) (width 0.05))
    (fp_line (start 1.85 -0.95) (end 1.85 0.95) (layer F.CrtYd) (width 0.05))
    (fp_line (start 1.85 0.95) (end -1.85 0.95) (layer F.CrtYd) (width 0.05))
    (fp_text user %R (at 0 0) (layer F.Fab)
      (effects (font (size 0.5 0.5) (thickness 0.08)))
    )
    (pad 1 smd roundrect (at -1.025 0) (size 1.15 1.4) (layers F.Cu F.Paste F.Mask) (roundrect_rratio 0.217391)
      (net 10 "Net-(C6-Pad1)"))
    (pad 2 smd roundrect (at 1.025 0) (size 1.15 1.4) (layers F.Cu F.Paste F.Mask) (roundrect_rratio 0.217391)
      (net 11 "Net-(C6-Pad2)"))
    (model ${KISYS3DMOD}/Capacitor_SMD.3dshapes/C_0805_2012Metric.wrl
      (at (xyz 0 0 0))
      (scale (xyz 1 1 1))
      (rotate (xyz 0 0 0))
    )
  )

  (module Capacitor_SMD:C_0805_2012Metric_Pad1.15x1.40mm_HandSolder (layer F.Cu) (tedit 5B36C52B) (tstamp 5E576025)
    (at 149.47 90.424)
    (descr "Capacitor SMD 0805 (2012 Metric), square (rectangular) end terminal, IPC_7351 nominal with elongated pad for handsoldering. (Body size source: https://docs.google.com/spreadsheets/d/1BsfQQcO9C6DZCsRaXUlFlo91Tg2WpOkGARC1WS5S8t0/edit?usp=sharing), generated with kicad-footprint-generator")
    (tags "capacitor handsolder")
    (path /5E451ED2)
    (attr smd)
    (fp_text reference C7 (at 0 -1.65) (layer F.SilkS)
      (effects (font (size 1 1) (thickness 0.15)))
    )
    (fp_text value 10u (at 0 1.65) (layer F.Fab)
      (effects (font (size 1 1) (thickness 0.15)))
    )
    (fp_text user %R (at 0 0) (layer F.Fab)
      (effects (font (size 0.5 0.5) (thickness 0.08)))
    )
    (fp_line (start 1.85 0.95) (end -1.85 0.95) (layer F.CrtYd) (width 0.05))
    (fp_line (start 1.85 -0.95) (end 1.85 0.95) (layer F.CrtYd) (width 0.05))
    (fp_line (start -1.85 -0.95) (end 1.85 -0.95) (layer F.CrtYd) (width 0.05))
    (fp_line (start -1.85 0.95) (end -1.85 -0.95) (layer F.CrtYd) (width 0.05))
    (fp_line (start -0.261252 0.71) (end 0.261252 0.71) (layer F.SilkS) (width 0.12))
    (fp_line (start -0.261252 -0.71) (end 0.261252 -0.71) (layer F.SilkS) (width 0.12))
    (fp_line (start 1 0.6) (end -1 0.6) (layer F.Fab) (width 0.1))
    (fp_line (start 1 -0.6) (end 1 0.6) (layer F.Fab) (width 0.1))
    (fp_line (start -1 -0.6) (end 1 -0.6) (layer F.Fab) (width 0.1))
    (fp_line (start -1 0.6) (end -1 -0.6) (layer F.Fab) (width 0.1))
    (pad 2 smd roundrect (at 1.025 0) (size 1.15 1.4) (layers F.Cu F.Paste F.Mask) (roundrect_rratio 0.217391)
      (net 12 "Net-(C7-Pad2)"))
    (pad 1 smd roundrect (at -1.025 0) (size 1.15 1.4) (layers F.Cu F.Paste F.Mask) (roundrect_rratio 0.217391)
      (net 13 "Net-(C7-Pad1)"))
    (model ${KISYS3DMOD}/Capacitor_SMD.3dshapes/C_0805_2012Metric.wrl
      (at (xyz 0 0 0))
      (scale (xyz 1 1 1))
      (rotate (xyz 0 0 0))
    )
  )

  (module Connector_Coaxial:SMA_Amphenol_132289_EdgeMount (layer F.Cu) (tedit 5A1C1810) (tstamp 5E576048)
    (at 102.489 86.995 180)
    (descr http://www.amphenolrf.com/132289.html)
    (tags SMA)
    (path /5E44E17A)
    (attr smd)
    (fp_text reference J1 (at -3.96 -3 90) (layer F.SilkS)
      (effects (font (size 1 1) (thickness 0.15)))
    )
    (fp_text value Conn_Coaxial (at 5 6) (layer F.Fab)
      (effects (font (size 1 1) (thickness 0.15)))
    )
    (fp_line (start -3.71 0.25) (end -3.21 0) (layer F.SilkS) (width 0.12))
    (fp_line (start -3.71 -0.25) (end -3.71 0.25) (layer F.SilkS) (width 0.12))
    (fp_line (start -3.21 0) (end -3.71 -0.25) (layer F.SilkS) (width 0.12))
    (fp_line (start 3.54 0) (end 2.54 0.75) (layer F.Fab) (width 0.1))
    (fp_line (start 2.54 -0.75) (end 3.54 0) (layer F.Fab) (width 0.1))
    (fp_text user %R (at 4.79 0 270) (layer F.Fab)
      (effects (font (size 1 1) (thickness 0.15)))
    )
    (fp_line (start 14.47 -5.58) (end -3.04 -5.58) (layer F.CrtYd) (width 0.05))
    (fp_line (start 14.47 -5.58) (end 14.47 5.58) (layer F.CrtYd) (width 0.05))
    (fp_line (start 14.47 5.58) (end -3.04 5.58) (layer F.CrtYd) (width 0.05))
    (fp_line (start -3.04 5.58) (end -3.04 -5.58) (layer F.CrtYd) (width 0.05))
    (fp_line (start 14.47 -5.58) (end -3.04 -5.58) (layer B.CrtYd) (width 0.05))
    (fp_line (start 14.47 -5.58) (end 14.47 5.58) (layer B.CrtYd) (width 0.05))
    (fp_line (start 14.47 5.58) (end -3.04 5.58) (layer B.CrtYd) (width 0.05))
    (fp_line (start -3.04 5.58) (end -3.04 -5.58) (layer B.CrtYd) (width 0.05))
    (fp_line (start 4.445 -3.81) (end 13.97 -3.81) (layer F.Fab) (width 0.1))
    (fp_line (start 13.97 -3.81) (end 13.97 3.81) (layer F.Fab) (width 0.1))
    (fp_line (start 13.97 3.81) (end 4.445 3.81) (layer F.Fab) (width 0.1))
    (fp_line (start 4.445 5.08) (end 4.445 3.81) (layer F.Fab) (width 0.1))
    (fp_line (start 4.445 -3.81) (end 4.445 -5.08) (layer F.Fab) (width 0.1))
    (fp_line (start -1.91 -5.08) (end 4.445 -5.08) (layer F.Fab) (width 0.1))
    (fp_line (start -1.91 -5.08) (end -1.91 -3.81) (layer F.Fab) (width 0.1))
    (fp_line (start -1.91 -3.81) (end 2.54 -3.81) (layer F.Fab) (width 0.1))
    (fp_line (start 2.54 -3.81) (end 2.54 3.81) (layer F.Fab) (width 0.1))
    (fp_line (start 2.54 3.81) (end -1.91 3.81) (layer F.Fab) (width 0.1))
    (fp_line (start -1.91 3.81) (end -1.91 5.08) (layer F.Fab) (width 0.1))
    (fp_line (start -1.91 5.08) (end 4.445 5.08) (layer F.Fab) (width 0.1))
    (pad 2 smd rect (at 0 4.25 270) (size 1.5 5.08) (layers B.Cu B.Paste B.Mask)
      (net 6 GND))
    (pad 2 smd rect (at 0 -4.25 270) (size 1.5 5.08) (layers B.Cu B.Paste B.Mask)
      (net 6 GND))
    (pad 2 smd rect (at 0 4.25 270) (size 1.5 5.08) (layers F.Cu F.Paste F.Mask)
      (net 6 GND))
    (pad 2 smd rect (at 0 -4.25 270) (size 1.5 5.08) (layers F.Cu F.Paste F.Mask)
      (net 6 GND))
    (pad 1 smd rect (at 0 0 270) (size 1.5 5.08) (layers F.Cu F.Paste F.Mask)
      (net 14 "Net-(J1-Pad1)"))
    (model ${KISYS3DMOD}/Connector_Coaxial.3dshapes/SMA_Amphenol_132289_EdgeMount.wrl
      (at (xyz 0 0 0))
      (scale (xyz 1 1 1))
      (rotate (xyz 0 0 0))
    )
  )

  (module Connector_Coaxial:SMA_Amphenol_132289_EdgeMount (layer F.Cu) (tedit 5A1C1810) (tstamp 5E57606B)
    (at 136.398 64.389 90)
    (descr http://www.amphenolrf.com/132289.html)
    (tags SMA)
    (path /5E461885)
    (attr smd)
    (fp_text reference J2 (at -3.96 -3) (layer F.SilkS)
      (effects (font (size 1 1) (thickness 0.15)))
    )
    (fp_text value Conn_Coaxial (at 5 6 90) (layer F.Fab)
      (effects (font (size 1 1) (thickness 0.15)))
    )
    (fp_line (start -3.71 0.25) (end -3.21 0) (layer F.SilkS) (width 0.12))
    (fp_line (start -3.71 -0.25) (end -3.71 0.25) (layer F.SilkS) (width 0.12))
    (fp_line (start -3.21 0) (end -3.71 -0.25) (layer F.SilkS) (width 0.12))
    (fp_line (start 3.54 0) (end 2.54 0.75) (layer F.Fab) (width 0.1))
    (fp_line (start 2.54 -0.75) (end 3.54 0) (layer F.Fab) (width 0.1))
    (fp_text user %R (at 4.79 0 180) (layer F.Fab)
      (effects (font (size 1 1) (thickness 0.15)))
    )
    (fp_line (start 14.47 -5.58) (end -3.04 -5.58) (layer F.CrtYd) (width 0.05))
    (fp_line (start 14.47 -5.58) (end 14.47 5.58) (layer F.CrtYd) (width 0.05))
    (fp_line (start 14.47 5.58) (end -3.04 5.58) (layer F.CrtYd) (width 0.05))
    (fp_line (start -3.04 5.58) (end -3.04 -5.58) (layer F.CrtYd) (width 0.05))
    (fp_line (start 14.47 -5.58) (end -3.04 -5.58) (layer B.CrtYd) (width 0.05))
    (fp_line (start 14.47 -5.58) (end 14.47 5.58) (layer B.CrtYd) (width 0.05))
    (fp_line (start 14.47 5.58) (end -3.04 5.58) (layer B.CrtYd) (width 0.05))
    (fp_line (start -3.04 5.58) (end -3.04 -5.58) (layer B.CrtYd) (width 0.05))
    (fp_line (start 4.445 -3.81) (end 13.97 -3.81) (layer F.Fab) (width 0.1))
    (fp_line (start 13.97 -3.81) (end 13.97 3.81) (layer F.Fab) (width 0.1))
    (fp_line (start 13.97 3.81) (end 4.445 3.81) (layer F.Fab) (width 0.1))
    (fp_line (start 4.445 5.08) (end 4.445 3.81) (layer F.Fab) (width 0.1))
    (fp_line (start 4.445 -3.81) (end 4.445 -5.08) (layer F.Fab) (width 0.1))
    (fp_line (start -1.91 -5.08) (end 4.445 -5.08) (layer F.Fab) (width 0.1))
    (fp_line (start -1.91 -5.08) (end -1.91 -3.81) (layer F.Fab) (width 0.1))
    (fp_line (start -1.91 -3.81) (end 2.54 -3.81) (layer F.Fab) (width 0.1))
    (fp_line (start 2.54 -3.81) (end 2.54 3.81) (layer F.Fab) (width 0.1))
    (fp_line (start 2.54 3.81) (end -1.91 3.81) (layer F.Fab) (width 0.1))
    (fp_line (start -1.91 3.81) (end -1.91 5.08) (layer F.Fab) (width 0.1))
    (fp_line (start -1.91 5.08) (end 4.445 5.08) (layer F.Fab) (width 0.1))
    (pad 2 smd rect (at 0 4.25 180) (size 1.5 5.08) (layers B.Cu B.Paste B.Mask)
      (net 6 GND))
    (pad 2 smd rect (at 0 -4.25 180) (size 1.5 5.08) (layers B.Cu B.Paste B.Mask)
      (net 6 GND))
    (pad 2 smd rect (at 0 4.25 180) (size 1.5 5.08) (layers F.Cu F.Paste F.Mask)
      (net 6 GND))
    (pad 2 smd rect (at 0 -4.25 180) (size 1.5 5.08) (layers F.Cu F.Paste F.Mask)
      (net 6 GND))
    (pad 1 smd rect (at 0 0 180) (size 1.5 5.08) (layers F.Cu F.Paste F.Mask)
      (net 7 "Net-(C4-Pad1)"))
    (model ${KISYS3DMOD}/Connector_Coaxial.3dshapes/SMA_Amphenol_132289_EdgeMount.wrl
      (at (xyz 0 0 0))
      (scale (xyz 1 1 1))
      (rotate (xyz 0 0 0))
    )
  )

  (module Connector_Coaxial:SMA_Amphenol_132289_EdgeMount (layer F.Cu) (tedit 5A1C1810) (tstamp 5E57608E)
    (at 176.53 84.963)
    (descr http://www.amphenolrf.com/132289.html)
    (tags SMA)
    (path /5E451EF7)
    (attr smd)
    (fp_text reference J3 (at -3.96 -3 90) (layer F.SilkS)
      (effects (font (size 1 1) (thickness 0.15)))
    )
    (fp_text value Conn_Coaxial (at 5 6) (layer F.Fab)
      (effects (font (size 1 1) (thickness 0.15)))
    )
    (fp_line (start -1.91 5.08) (end 4.445 5.08) (layer F.Fab) (width 0.1))
    (fp_line (start -1.91 3.81) (end -1.91 5.08) (layer F.Fab) (width 0.1))
    (fp_line (start 2.54 3.81) (end -1.91 3.81) (layer F.Fab) (width 0.1))
    (fp_line (start 2.54 -3.81) (end 2.54 3.81) (layer F.Fab) (width 0.1))
    (fp_line (start -1.91 -3.81) (end 2.54 -3.81) (layer F.Fab) (width 0.1))
    (fp_line (start -1.91 -5.08) (end -1.91 -3.81) (layer F.Fab) (width 0.1))
    (fp_line (start -1.91 -5.08) (end 4.445 -5.08) (layer F.Fab) (width 0.1))
    (fp_line (start 4.445 -3.81) (end 4.445 -5.08) (layer F.Fab) (width 0.1))
    (fp_line (start 4.445 5.08) (end 4.445 3.81) (layer F.Fab) (width 0.1))
    (fp_line (start 13.97 3.81) (end 4.445 3.81) (layer F.Fab) (width 0.1))
    (fp_line (start 13.97 -3.81) (end 13.97 3.81) (layer F.Fab) (width 0.1))
    (fp_line (start 4.445 -3.81) (end 13.97 -3.81) (layer F.Fab) (width 0.1))
    (fp_line (start -3.04 5.58) (end -3.04 -5.58) (layer B.CrtYd) (width 0.05))
    (fp_line (start 14.47 5.58) (end -3.04 5.58) (layer B.CrtYd) (width 0.05))
    (fp_line (start 14.47 -5.58) (end 14.47 5.58) (layer B.CrtYd) (width 0.05))
    (fp_line (start 14.47 -5.58) (end -3.04 -5.58) (layer B.CrtYd) (width 0.05))
    (fp_line (start -3.04 5.58) (end -3.04 -5.58) (layer F.CrtYd) (width 0.05))
    (fp_line (start 14.47 5.58) (end -3.04 5.58) (layer F.CrtYd) (width 0.05))
    (fp_line (start 14.47 -5.58) (end 14.47 5.58) (layer F.CrtYd) (width 0.05))
    (fp_line (start 14.47 -5.58) (end -3.04 -5.58) (layer F.CrtYd) (width 0.05))
    (fp_text user %R (at 4.79 0 270) (layer F.Fab)
      (effects (font (size 1 1) (thickness 0.15)))
    )
    (fp_line (start 2.54 -0.75) (end 3.54 0) (layer F.Fab) (width 0.1))
    (fp_line (start 3.54 0) (end 2.54 0.75) (layer F.Fab) (width 0.1))
    (fp_line (start -3.21 0) (end -3.71 -0.25) (layer F.SilkS) (width 0.12))
    (fp_line (start -3.71 -0.25) (end -3.71 0.25) (layer F.SilkS) (width 0.12))
    (fp_line (start -3.71 0.25) (end -3.21 0) (layer F.SilkS) (width 0.12))
    (pad 1 smd rect (at 0 0 90) (size 1.5 5.08) (layers F.Cu F.Paste F.Mask)
      (net 15 "Net-(J3-Pad1)"))
    (pad 2 smd rect (at 0 -4.25 90) (size 1.5 5.08) (layers F.Cu F.Paste F.Mask)
      (net 6 GND))
    (pad 2 smd rect (at 0 4.25 90) (size 1.5 5.08) (layers F.Cu F.Paste F.Mask)
      (net 6 GND))
    (pad 2 smd rect (at 0 -4.25 90) (size 1.5 5.08) (layers B.Cu B.Paste B.Mask)
      (net 6 GND))
    (pad 2 smd rect (at 0 4.25 90) (size 1.5 5.08) (layers B.Cu B.Paste B.Mask)
      (net 6 GND))
    (model ${KISYS3DMOD}/Connector_Coaxial.3dshapes/SMA_Amphenol_132289_EdgeMount.wrl
      (at (xyz 0 0 0))
      (scale (xyz 1 1 1))
      (rotate (xyz 0 0 0))
    )
  )

  (module Capacitor_SMD:C_0805_2012Metric_Pad1.15x1.40mm_HandSolder (layer F.Cu) (tedit 5B36C52B) (tstamp 5E57609F)
    (at 143.12 70.993)
    (descr "Capacitor SMD 0805 (2012 Metric), square (rectangular) end terminal, IPC_7351 nominal with elongated pad for handsoldering. (Body size source: https://docs.google.com/spreadsheets/d/1BsfQQcO9C6DZCsRaXUlFlo91Tg2WpOkGARC1WS5S8t0/edit?usp=sharing), generated with kicad-footprint-generator")
    (tags "capacitor handsolder")
    (path /5E4634AE)
    (attr smd)
    (fp_text reference L1 (at 0 -1.65) (layer F.SilkS)
      (effects (font (size 1 1) (thickness 0.15)))
    )
    (fp_text value 5.6u (at 0 1.65) (layer F.Fab)
      (effects (font (size 1 1) (thickness 0.15)))
    )
    (fp_text user %R (at 0 0) (layer F.Fab)
      (effects (font (size 0.5 0.5) (thickness 0.08)))
    )
    (fp_line (start 1.85 0.95) (end -1.85 0.95) (layer F.CrtYd) (width 0.05))
    (fp_line (start 1.85 -0.95) (end 1.85 0.95) (layer F.CrtYd) (width 0.05))
    (fp_line (start -1.85 -0.95) (end 1.85 -0.95) (layer F.CrtYd) (width 0.05))
    (fp_line (start -1.85 0.95) (end -1.85 -0.95) (layer F.CrtYd) (width 0.05))
    (fp_line (start -0.261252 0.71) (end 0.261252 0.71) (layer F.SilkS) (width 0.12))
    (fp_line (start -0.261252 -0.71) (end 0.261252 -0.71) (layer F.SilkS) (width 0.12))
    (fp_line (start 1 0.6) (end -1 0.6) (layer F.Fab) (width 0.1))
    (fp_line (start 1 -0.6) (end 1 0.6) (layer F.Fab) (width 0.1))
    (fp_line (start -1 -0.6) (end 1 -0.6) (layer F.Fab) (width 0.1))
    (fp_line (start -1 0.6) (end -1 -0.6) (layer F.Fab) (width 0.1))
    (pad 2 smd roundrect (at 1.025 0) (size 1.15 1.4) (layers F.Cu F.Paste F.Mask) (roundrect_rratio 0.217391)
      (net 16 "Net-(L1-Pad2)"))
    (pad 1 smd roundrect (at -1.025 0) (size 1.15 1.4) (layers F.Cu F.Paste F.Mask) (roundrect_rratio 0.217391)
      (net 8 "Net-(C4-Pad2)"))
    (model ${KISYS3DMOD}/Capacitor_SMD.3dshapes/C_0805_2012Metric.wrl
      (at (xyz 0 0 0))
      (scale (xyz 1 1 1))
      (rotate (xyz 0 0 0))
    )
  )

  (module Capacitor_SMD:C_0805_2012Metric_Pad1.15x1.40mm_HandSolder (layer F.Cu) (tedit 5B36C52B) (tstamp 5E5760B0)
    (at 144.272 78.477 270)
    (descr "Capacitor SMD 0805 (2012 Metric), square (rectangular) end terminal, IPC_7351 nominal with elongated pad for handsoldering. (Body size source: https://docs.google.com/spreadsheets/d/1BsfQQcO9C6DZCsRaXUlFlo91Tg2WpOkGARC1WS5S8t0/edit?usp=sharing), generated with kicad-footprint-generator")
    (tags "capacitor handsolder")
    (path /5E464083)
    (attr smd)
    (fp_text reference L2 (at 0 -1.65 90) (layer F.SilkS)
      (effects (font (size 1 1) (thickness 0.15)))
    )
    (fp_text value 680n (at 0 1.65 90) (layer F.Fab)
      (effects (font (size 1 1) (thickness 0.15)))
    )
    (fp_line (start -1 0.6) (end -1 -0.6) (layer F.Fab) (width 0.1))
    (fp_line (start -1 -0.6) (end 1 -0.6) (layer F.Fab) (width 0.1))
    (fp_line (start 1 -0.6) (end 1 0.6) (layer F.Fab) (width 0.1))
    (fp_line (start 1 0.6) (end -1 0.6) (layer F.Fab) (width 0.1))
    (fp_line (start -0.261252 -0.71) (end 0.261252 -0.71) (layer F.SilkS) (width 0.12))
    (fp_line (start -0.261252 0.71) (end 0.261252 0.71) (layer F.SilkS) (width 0.12))
    (fp_line (start -1.85 0.95) (end -1.85 -0.95) (layer F.CrtYd) (width 0.05))
    (fp_line (start -1.85 -0.95) (end 1.85 -0.95) (layer F.CrtYd) (width 0.05))
    (fp_line (start 1.85 -0.95) (end 1.85 0.95) (layer F.CrtYd) (width 0.05))
    (fp_line (start 1.85 0.95) (end -1.85 0.95) (layer F.CrtYd) (width 0.05))
    (fp_text user %R (at 0 0 90) (layer F.Fab)
      (effects (font (size 0.5 0.5) (thickness 0.08)))
    )
    (pad 1 smd roundrect (at -1.025 0 270) (size 1.15 1.4) (layers F.Cu F.Paste F.Mask) (roundrect_rratio 0.217391)
      (net 16 "Net-(L1-Pad2)"))
    (pad 2 smd roundrect (at 1.025 0 270) (size 1.15 1.4) (layers F.Cu F.Paste F.Mask) (roundrect_rratio 0.217391)
      (net 6 GND))
    (model ${KISYS3DMOD}/Capacitor_SMD.3dshapes/C_0805_2012Metric.wrl
      (at (xyz 0 0 0))
      (scale (xyz 1 1 1))
      (rotate (xyz 0 0 0))
    )
  )

  (module LT:PWB1040L (layer F.Cu) (tedit 5E56F990) (tstamp 5E5760BF)
    (at 114.681 86.995)
    (path /5E577A72)
    (fp_text reference T1 (at 2.413 -3.175) (layer F.SilkS)
      (effects (font (size 1 1) (thickness 0.15)))
    )
    (fp_text value Transformer_6 (at 2.159 -5.334) (layer F.Fab)
      (effects (font (size 1 1) (thickness 0.15)))
    )
    (fp_line (start -0.508 -1.27) (end -0.508 6.604) (layer F.CrtYd) (width 0.12))
    (fp_line (start -0.508 6.604) (end 6.35 6.604) (layer F.CrtYd) (width 0.12))
    (fp_line (start 6.35 6.604) (end 6.35 -1.27) (layer F.CrtYd) (width 0.12))
    (fp_line (start 6.35 -1.27) (end -0.508 -1.27) (layer F.CrtYd) (width 0.12))
    (fp_text user C (at 0.508 -0.254) (layer F.SilkS)
      (effects (font (size 1 1) (thickness 0.15)))
    )
    (pad 1 smd rect (at 0 0) (size 1.52 1.27) (layers F.Cu F.Paste F.Mask)
      (net 14 "Net-(J1-Pad1)"))
    (pad 6 smd rect (at 5.85 0) (size 1.52 1.27) (layers F.Cu F.Paste F.Mask)
      (net 2 "Net-(C1-Pad2)"))
    (pad 2 smd rect (at 0 2.54) (size 1.52 1.27) (layers F.Cu F.Paste F.Mask))
    (pad 5 smd rect (at 5.85 2.54) (size 1.52 1.27) (layers F.Cu F.Paste F.Mask))
    (pad 3 smd rect (at 0 5.08) (size 1.52 1.27) (layers F.Cu F.Paste F.Mask)
      (net 6 GND))
    (pad 4 smd rect (at 5.85 5.08) (size 1.52 1.27) (layers F.Cu F.Paste F.Mask)
      (net 3 "Net-(C2-Pad2)"))
  )

  (module LT:PWB1040L (layer F.Cu) (tedit 5E56F990) (tstamp 5E5760CE)
    (at 157.734 84.963)
    (path /5E57B298)
    (fp_text reference T2 (at 2.921 -3.048) (layer F.SilkS)
      (effects (font (size 1 1) (thickness 0.15)))
    )
    (fp_text value Transformer_6 (at 2.413 -4.826) (layer F.Fab)
      (effects (font (size 1 1) (thickness 0.15)))
    )
    (fp_text user C (at 0.508 -0.254) (layer F.SilkS)
      (effects (font (size 1 1) (thickness 0.15)))
    )
    (fp_line (start 6.35 -1.27) (end -0.508 -1.27) (layer F.CrtYd) (width 0.12))
    (fp_line (start 6.35 6.604) (end 6.35 -1.27) (layer F.CrtYd) (width 0.12))
    (fp_line (start -0.508 6.604) (end 6.35 6.604) (layer F.CrtYd) (width 0.12))
    (fp_line (start -0.508 -1.27) (end -0.508 6.604) (layer F.CrtYd) (width 0.12))
    (pad 4 smd rect (at 5.85 5.08) (size 1.52 1.27) (layers F.Cu F.Paste F.Mask)
      (net 6 GND))
    (pad 3 smd rect (at 0 5.08) (size 1.52 1.27) (layers F.Cu F.Paste F.Mask)
      (net 12 "Net-(C7-Pad2)"))
    (pad 5 smd rect (at 5.85 2.54) (size 1.52 1.27) (layers F.Cu F.Paste F.Mask))
    (pad 2 smd rect (at 0 2.54) (size 1.52 1.27) (layers F.Cu F.Paste F.Mask))
    (pad 6 smd rect (at 5.85 0) (size 1.52 1.27) (layers F.Cu F.Paste F.Mask)
      (net 15 "Net-(J3-Pad1)"))
    (pad 1 smd rect (at 0 0) (size 1.52 1.27) (layers F.Cu F.Paste F.Mask)
      (net 11 "Net-(C6-Pad2)"))
  )

  (module Package_SO:SO-8_3.9x4.9mm_P1.27mm (layer F.Cu) (tedit 5D9F72B1) (tstamp 5E5760E8)
    (at 137.922 87.757 90)
    (descr "SO, 8 Pin (https://www.nxp.com/docs/en/data-sheet/PCF8523.pdf), generated with kicad-footprint-generator ipc_gullwing_generator.py")
    (tags "SO SO")
    (path /5E447907)
    (attr smd)
    (fp_text reference U1 (at 0 -3.4 90) (layer F.SilkS)
      (effects (font (size 1 1) (thickness 0.15)))
    )
    (fp_text value SA602 (at 0 3.4 90) (layer F.Fab)
      (effects (font (size 1 1) (thickness 0.15)))
    )
    (fp_line (start 0 2.56) (end 1.95 2.56) (layer F.SilkS) (width 0.12))
    (fp_line (start 0 2.56) (end -1.95 2.56) (layer F.SilkS) (width 0.12))
    (fp_line (start 0 -2.56) (end 1.95 -2.56) (layer F.SilkS) (width 0.12))
    (fp_line (start 0 -2.56) (end -3.45 -2.56) (layer F.SilkS) (width 0.12))
    (fp_line (start -0.975 -2.45) (end 1.95 -2.45) (layer F.Fab) (width 0.1))
    (fp_line (start 1.95 -2.45) (end 1.95 2.45) (layer F.Fab) (width 0.1))
    (fp_line (start 1.95 2.45) (end -1.95 2.45) (layer F.Fab) (width 0.1))
    (fp_line (start -1.95 2.45) (end -1.95 -1.475) (layer F.Fab) (width 0.1))
    (fp_line (start -1.95 -1.475) (end -0.975 -2.45) (layer F.Fab) (width 0.1))
    (fp_line (start -3.7 -2.7) (end -3.7 2.7) (layer F.CrtYd) (width 0.05))
    (fp_line (start -3.7 2.7) (end 3.7 2.7) (layer F.CrtYd) (width 0.05))
    (fp_line (start 3.7 2.7) (end 3.7 -2.7) (layer F.CrtYd) (width 0.05))
    (fp_line (start 3.7 -2.7) (end -3.7 -2.7) (layer F.CrtYd) (width 0.05))
    (fp_text user %R (at 0 0 90) (layer F.Fab)
      (effects (font (size 0.98 0.98) (thickness 0.15)))
    )
    (pad 1 smd roundrect (at -2.575 -1.905 90) (size 1.75 0.6) (layers F.Cu F.Paste F.Mask) (roundrect_rratio 0.25)
      (net 1 "Net-(C1-Pad1)"))
    (pad 2 smd roundrect (at -2.575 -0.635 90) (size 1.75 0.6) (layers F.Cu F.Paste F.Mask) (roundrect_rratio 0.25)
      (net 4 "Net-(C2-Pad1)"))
    (pad 3 smd roundrect (at -2.575 0.635 90) (size 1.75 0.6) (layers F.Cu F.Paste F.Mask) (roundrect_rratio 0.25)
      (net 6 GND))
    (pad 4 smd roundrect (at -2.575 1.905 90) (size 1.75 0.6) (layers F.Cu F.Paste F.Mask) (roundrect_rratio 0.25)
      (net 13 "Net-(C7-Pad1)"))
    (pad 5 smd roundrect (at 2.575 1.905 90) (size 1.75 0.6) (layers F.Cu F.Paste F.Mask) (roundrect_rratio 0.25)
      (net 10 "Net-(C6-Pad1)"))
    (pad 6 smd roundrect (at 2.575 0.635 90) (size 1.75 0.6) (layers F.Cu F.Paste F.Mask) (roundrect_rratio 0.25)
      (net 9 "Net-(C5-Pad2)"))
    (pad 7 smd roundrect (at 2.575 -0.635 90) (size 1.75 0.6) (layers F.Cu F.Paste F.Mask) (roundrect_rratio 0.25))
    (pad 8 smd roundrect (at 2.575 -1.905 90) (size 1.75 0.6) (layers F.Cu F.Paste F.Mask) (roundrect_rratio 0.25)
      (net 5 VCC))
    (model ${KISYS3DMOD}/Package_SO.3dshapes/SO-8_3.9x4.9mm_P1.27mm.wrl
      (at (xyz 0 0 0))
      (scale (xyz 1 1 1))
      (rotate (xyz 0 0 0))
    )
  )

  (module Capacitor_SMD:C_0805_2012Metric_Pad1.15x1.40mm_HandSolder (layer F.Cu) (tedit 5B36C52B) (tstamp 5E576DCD)
    (at 117.611 78.74 180)
    (descr "Capacitor SMD 0805 (2012 Metric), square (rectangular) end terminal, IPC_7351 nominal with elongated pad for handsoldering. (Body size source: https://docs.google.com/spreadsheets/d/1BsfQQcO9C6DZCsRaXUlFlo91Tg2WpOkGARC1WS5S8t0/edit?usp=sharing), generated with kicad-footprint-generator")
    (tags "capacitor handsolder")
    (path /5E577B7D)
    (attr smd)
    (fp_text reference C8 (at 0 -1.65) (layer F.SilkS)
      (effects (font (size 1 1) (thickness 0.15)))
    )
    (fp_text value 10u (at 0 1.65) (layer F.Fab)
      (effects (font (size 1 1) (thickness 0.15)))
    )
    (fp_line (start -1 0.6) (end -1 -0.6) (layer F.Fab) (width 0.1))
    (fp_line (start -1 -0.6) (end 1 -0.6) (layer F.Fab) (width 0.1))
    (fp_line (start 1 -0.6) (end 1 0.6) (layer F.Fab) (width 0.1))
    (fp_line (start 1 0.6) (end -1 0.6) (layer F.Fab) (width 0.1))
    (fp_line (start -0.261252 -0.71) (end 0.261252 -0.71) (layer F.SilkS) (width 0.12))
    (fp_line (start -0.261252 0.71) (end 0.261252 0.71) (layer F.SilkS) (width 0.12))
    (fp_line (start -1.85 0.95) (end -1.85 -0.95) (layer F.CrtYd) (width 0.05))
    (fp_line (start -1.85 -0.95) (end 1.85 -0.95) (layer F.CrtYd) (width 0.05))
    (fp_line (start 1.85 -0.95) (end 1.85 0.95) (layer F.CrtYd) (width 0.05))
    (fp_line (start 1.85 0.95) (end -1.85 0.95) (layer F.CrtYd) (width 0.05))
    (fp_text user %R (at 0 0) (layer F.Fab)
      (effects (font (size 0.5 0.5) (thickness 0.08)))
    )
    (pad 1 smd roundrect (at -1.025 0 180) (size 1.15 1.4) (layers F.Cu F.Paste F.Mask) (roundrect_rratio 0.217391)
      (net 5 VCC))
    (pad 2 smd roundrect (at 1.025 0 180) (size 1.15 1.4) (layers F.Cu F.Paste F.Mask) (roundrect_rratio 0.217391)
      (net 6 GND))
    (model ${KISYS3DMOD}/Capacitor_SMD.3dshapes/C_0805_2012Metric.wrl
      (at (xyz 0 0 0))
      (scale (xyz 1 1 1))
      (rotate (xyz 0 0 0))
    )
  )

  (module Connector_PinHeader_2.54mm:PinHeader_1x02_P2.54mm_Vertical (layer F.Cu) (tedit 59FED5CC) (tstamp 5E576DE3)
    (at 118.618 74.041 90)
    (descr "Through hole straight pin header, 1x02, 2.54mm pitch, single row")
    (tags "Through hole pin header THT 1x02 2.54mm single row")
    (path /5E57733B)
    (fp_text reference J4 (at 0 -2.33 90) (layer F.SilkS)
      (effects (font (size 1 1) (thickness 0.15)))
    )
    (fp_text value Conn_01x02_Male (at 0 4.87 90) (layer F.Fab)
      (effects (font (size 1 1) (thickness 0.15)))
    )
    (fp_line (start -0.635 -1.27) (end 1.27 -1.27) (layer F.Fab) (width 0.1))
    (fp_line (start 1.27 -1.27) (end 1.27 3.81) (layer F.Fab) (width 0.1))
    (fp_line (start 1.27 3.81) (end -1.27 3.81) (layer F.Fab) (width 0.1))
    (fp_line (start -1.27 3.81) (end -1.27 -0.635) (layer F.Fab) (width 0.1))
    (fp_line (start -1.27 -0.635) (end -0.635 -1.27) (layer F.Fab) (width 0.1))
    (fp_line (start -1.33 3.87) (end 1.33 3.87) (layer F.SilkS) (width 0.12))
    (fp_line (start -1.33 1.27) (end -1.33 3.87) (layer F.SilkS) (width 0.12))
    (fp_line (start 1.33 1.27) (end 1.33 3.87) (layer F.SilkS) (width 0.12))
    (fp_line (start -1.33 1.27) (end 1.33 1.27) (layer F.SilkS) (width 0.12))
    (fp_line (start -1.33 0) (end -1.33 -1.33) (layer F.SilkS) (width 0.12))
    (fp_line (start -1.33 -1.33) (end 0 -1.33) (layer F.SilkS) (width 0.12))
    (fp_line (start -1.8 -1.8) (end -1.8 4.35) (layer F.CrtYd) (width 0.05))
    (fp_line (start -1.8 4.35) (end 1.8 4.35) (layer F.CrtYd) (width 0.05))
    (fp_line (start 1.8 4.35) (end 1.8 -1.8) (layer F.CrtYd) (width 0.05))
    (fp_line (start 1.8 -1.8) (end -1.8 -1.8) (layer F.CrtYd) (width 0.05))
    (fp_text user %R (at 0 1.27) (layer F.Fab)
      (effects (font (size 1 1) (thickness 0.15)))
    )
    (pad 1 thru_hole rect (at 0 0 90) (size 1.7 1.7) (drill 1) (layers *.Cu *.Mask)
      (net 5 VCC))
    (pad 2 thru_hole oval (at 0 2.54 90) (size 1.7 1.7) (drill 1) (layers *.Cu *.Mask)
      (net 6 GND))
    (model ${KISYS3DMOD}/Connector_PinHeader_2.54mm.3dshapes/PinHeader_1x02_P2.54mm_Vertical.wrl
      (at (xyz 0 0 0))
      (scale (xyz 1 1 1))
      (rotate (xyz 0 0 0))
    )
  )

  (segment (start 132.68 86.995) (end 136.017 90.332) (width 0.25) (layer F.Cu) (net 1) (status 20))
  (segment (start 128.034 86.995) (end 132.68 86.995) (width 0.25) (layer F.Cu) (net 1) (status 10))
  (segment (start 120.531 86.995) (end 125.984 86.995) (width 0.25) (layer F.Cu) (net 2) (status 30))
  (segment (start 120.531 92.075) (end 125.73 92.075) (width 0.25) (layer F.Cu) (net 3) (status 30))
  (segment (start 137.287 91.207) (end 137.287 90.332) (width 0.25) (layer F.Cu) (net 4) (status 20))
  (segment (start 136.419 92.075) (end 137.287 91.207) (width 0.25) (layer F.Cu) (net 4))
  (segment (start 127.78 92.075) (end 136.419 92.075) (width 0.25) (layer F.Cu) (net 4) (status 10))
  (via (at 129.032 78.232) (size 0.8) (drill 0.4) (layers F.Cu B.Cu) (net 6))
  (via (at 152.908 75.184) (size 0.8) (drill 0.4) (layers F.Cu B.Cu) (net 6))
  (segment (start 136.507 64.498) (end 136.398 64.389) (width 0.25) (layer F.Cu) (net 7) (status 30))
