(kicad_pcb (version 20171130) (host pcbnew "(5.1.5)-3")

  (general
    (thickness 1.6)
    (drawings 0)
    (tracks 0)
    (zones 0)
    (modules 100)
    (nets 332)
  )

  (page A4)
  (layers
    (0 F.Cu signal)
    (31 B.Cu signal)
    (32 B.Adhes user)
    (33 F.Adhes user)
    (34 B.Paste user)
    (35 F.Paste user)
    (36 B.SilkS user)
    (37 F.SilkS user)
    (38 B.Mask user)
    (39 F.Mask user)
    (40 Dwgs.User user)
    (41 Cmts.User user)
    (42 Eco1.User user)
    (43 Eco2.User user)
    (44 Edge.Cuts user)
    (45 Margin user)
    (46 B.CrtYd user)
    (47 F.CrtYd user)
    (48 B.Fab user)
    (49 F.Fab user)
  )

  (setup
    (last_trace_width 0.25)
    (trace_clearance 0.2)
    (zone_clearance 0.508)
    (zone_45_only no)
    (trace_min 0.2)
    (via_size 0.8)
    (via_drill 0.4)
    (via_min_size 0.4)
    (via_min_drill 0.3)
    (uvia_size 0.3)
    (uvia_drill 0.1)
    (uvias_allowed no)
    (uvia_min_size 0.2)
    (uvia_min_drill 0.1)
    (edge_width 0.05)
    (segment_width 0.2)
    (pcb_text_width 0.3)
    (pcb_text_size 1.5 1.5)
    (mod_edge_width 0.12)
    (mod_text_size 1 1)
    (mod_text_width 0.15)
    (pad_size 1.524 1.524)
    (pad_drill 0.762)
    (pad_to_mask_clearance 0.2)
    (aux_axis_origin 0 0)
    (visible_elements 7FFFFFFF)
    (pcbplotparams
      (layerselection 0x010fc_ffffffff)
      (usegerberextensions false)
      (usegerberattributes false)
      (usegerberadvancedattributes false)
      (creategerberjobfile false)
      (excludeedgelayer true)
      (linewidth 0.100000)
      (plotframeref false)
      (viasonmask false)
      (mode 1)
      (useauxorigin false)
      (hpglpennumber 1)
      (hpglpenspeed 20)
      (hpglpendiameter 15.000000)
      (psnegative false)
      (psa4output false)
      (plotreference true)
      (plotvalue true)
      (plotinvisibletext false)
      (padsonsilk false)
      (subtractmaskfromsilk false)
      (outputformat 1)
      (mirror false)
      (drillshape 1)
      (scaleselection 1)
      (outputdirectory ""))
  )

  (net 0 "")
  (net 1 "Net-(C1-Pad2)")
  (net 2 "Net-(C1-Pad1)")
  (net 3 "Net-(C2-Pad1)")
  (net 4 "Net-(C2-Pad2)")
  (net 5 "Net-(C3-Pad1)")
  (net 6 "Net-(C3-Pad2)")
  (net 7 "Net-(C4-Pad1)")
  (net 8 "Net-(C4-Pad2)")
  (net 9 "Net-(C5-Pad2)")
  (net 10 "Net-(C5-Pad1)")
  (net 11 "Net-(C6-Pad2)")
  (net 12 "Net-(C6-Pad1)")
  (net 13 "Net-(C7-Pad2)")
  (net 14 "Net-(C7-Pad1)")
  (net 15 "Net-(C8-Pad2)")
  (net 16 "Net-(C8-Pad1)")
  (net 17 "Net-(C9-Pad1)")
  (net 18 "Net-(C9-Pad2)")
  (net 19 "Net-(C10-Pad1)")
  (net 20 "Net-(C10-Pad2)")
  (net 21 "Net-(C11-Pad1)")
  (net 22 "Net-(C11-Pad2)")
  (net 23 "Net-(C12-Pad2)")
  (net 24 "Net-(C12-Pad1)")
  (net 25 "Net-(C13-Pad2)")
  (net 26 "Net-(C13-Pad1)")
  (net 27 "Net-(C14-Pad2)")
  (net 28 "Net-(C14-Pad1)")
  (net 29 "Net-(C15-Pad1)")
  (net 30 "Net-(C15-Pad2)")
  (net 31 "Net-(C16-Pad1)")
  (net 32 "Net-(C16-Pad2)")
  (net 33 "Net-(C17-Pad1)")
  (net 34 "Net-(C17-Pad2)")
  (net 35 "Net-(C18-Pad1)")
  (net 36 "Net-(C18-Pad2)")
  (net 37 "Net-(C19-Pad2)")
  (net 38 "Net-(C19-Pad1)")
  (net 39 "Net-(C20-Pad1)")
  (net 40 "Net-(C20-Pad2)")
  (net 41 "Net-(C21-Pad2)")
  (net 42 "Net-(C21-Pad1)")
  (net 43 "Net-(C22-Pad1)")
  (net 44 "Net-(C22-Pad2)")
  (net 45 "Net-(C23-Pad2)")
  (net 46 "Net-(C23-Pad1)")
  (net 47 "Net-(C24-Pad2)")
  (net 48 "Net-(C24-Pad1)")
  (net 49 "Net-(C25-Pad2)")
  (net 50 "Net-(C25-Pad1)")
  (net 51 "Net-(C26-Pad1)")
  (net 52 "Net-(C26-Pad2)")
  (net 53 "Net-(C27-Pad1)")
  (net 54 "Net-(C27-Pad2)")
  (net 55 "Net-(C28-Pad1)")
  (net 56 "Net-(C28-Pad2)")
  (net 57 "Net-(C29-Pad2)")
  (net 58 "Net-(C29-Pad1)")
  (net 59 "Net-(C30-Pad2)")
  (net 60 "Net-(C30-Pad1)")
  (net 61 "Net-(C31-Pad1)")
  (net 62 "Net-(C31-Pad2)")
  (net 63 "Net-(C32-Pad2)")
  (net 64 "Net-(C32-Pad1)")
  (net 65 "Net-(C33-Pad1)")
  (net 66 "Net-(C33-Pad2)")
  (net 67 "Net-(C34-Pad2)")
  (net 68 "Net-(C34-Pad1)")
  (net 69 "Net-(C35-Pad1)")
  (net 70 "Net-(C35-Pad2)")
  (net 71 "Net-(C36-Pad1)")
  (net 72 "Net-(C36-Pad2)")
  (net 73 "Net-(C37-Pad2)")
  (net 74 "Net-(C37-Pad1)")
  (net 75 "Net-(C38-Pad2)")
  (net 76 "Net-(C38-Pad1)")
  (net 77 "Net-(C39-Pad1)")
  (net 78 "Net-(C39-Pad2)")
  (net 79 "Net-(C40-Pad1)")
  (net 80 "Net-(C40-Pad2)")
  (net 81 "Net-(C41-Pad2)")
  (net 82 "Net-(C41-Pad1)")
  (net 83 "Net-(C42-Pad1)")
  (net 84 "Net-(C42-Pad2)")
  (net 85 "Net-(C43-Pad2)")
  (net 86 "Net-(C43-Pad1)")
  (net 87 "Net-(C44-Pad1)")
  (net 88 "Net-(C44-Pad2)")
  (net 89 "Net-(C45-Pad2)")
  (net 90 "Net-(C45-Pad1)")
  (net 91 "Net-(C46-Pad1)")
  (net 92 "Net-(C46-Pad2)")
  (net 93 "Net-(C47-Pad2)")
  (net 94 "Net-(C47-Pad1)")
  (net 95 "Net-(L1-Pad2)")
  (net 96 "Net-(L1-Pad1)")
  (net 97 "Net-(L2-Pad1)")
  (net 98 "Net-(L2-Pad2)")
  (net 99 "Net-(L3-Pad1)")
  (net 100 "Net-(L3-Pad2)")
  (net 101 "Net-(L4-Pad2)")
  (net 102 "Net-(L4-Pad1)")
  (net 103 "Net-(L5-Pad1)")
  (net 104 "Net-(L5-Pad2)")
  (net 105 "Net-(L6-Pad2)")
  (net 106 "Net-(L6-Pad1)")
  (net 107 "Net-(L7-Pad1)")
  (net 108 "Net-(L7-Pad2)")
  (net 109 "Net-(L8-Pad2)")
  (net 110 "Net-(L8-Pad1)")
  (net 111 "Net-(L9-Pad1)")
  (net 112 "Net-(L9-Pad2)")
  (net 113 "Net-(L10-Pad2)")
  (net 114 "Net-(L10-Pad1)")
  (net 115 "Net-(L11-Pad2)")
  (net 116 "Net-(L11-Pad1)")
  (net 117 "Net-(L12-Pad1)")
  (net 118 "Net-(L12-Pad2)")
  (net 119 "Net-(L13-Pad2)")
  (net 120 "Net-(L13-Pad1)")
  (net 121 "Net-(L14-Pad1)")
  (net 122 "Net-(L14-Pad2)")
  (net 123 "Net-(L15-Pad2)")
  (net 124 "Net-(L15-Pad1)")
  (net 125 "Net-(L16-Pad1)")
  (net 126 "Net-(L16-Pad2)")
  (net 127 "Net-(L17-Pad2)")
  (net 128 "Net-(L17-Pad1)")
  (net 129 "Net-(L18-Pad1)")
  (net 130 "Net-(L18-Pad2)")
  (net 131 "Net-(L19-Pad2)")
  (net 132 "Net-(L19-Pad1)")
  (net 133 "Net-(L20-Pad2)")
  (net 134 "Net-(L20-Pad1)")
  (net 135 "Net-(L21-Pad1)")
  (net 136 "Net-(L21-Pad2)")
  (net 137 "Net-(L22-Pad2)")
  (net 138 "Net-(L22-Pad1)")
  (net 139 "Net-(L23-Pad1)")
  (net 140 "Net-(L23-Pad2)")
  (net 141 "Net-(L24-Pad1)")
  (net 142 "Net-(L24-Pad2)")
  (net 143 "Net-(L25-Pad2)")
  (net 144 "Net-(L25-Pad1)")
  (net 145 "Net-(L26-Pad2)")
  (net 146 "Net-(L26-Pad1)")
  (net 147 "Net-(L27-Pad1)")
  (net 148 "Net-(L27-Pad2)")
  (net 149 "Net-(L28-Pad1)")
  (net 150 "Net-(L28-Pad2)")
  (net 151 "Net-(L29-Pad2)")
  (net 152 "Net-(L29-Pad1)")
  (net 153 "Net-(L30-Pad1)")
  (net 154 "Net-(L30-Pad2)")
  (net 155 "Net-(L31-Pad1)")
  (net 156 "Net-(L31-Pad2)")
  (net 157 "Net-(Q1-Pad1)")
  (net 158 "Net-(Q1-Pad2)")
  (net 159 "Net-(Q1-Pad3)")
  (net 160 "Net-(Q2-Pad3)")
  (net 161 "Net-(Q2-Pad2)")
  (net 162 "Net-(Q2-Pad1)")
  (net 163 "Net-(Q3-Pad3)")
  (net 164 "Net-(Q3-Pad2)")
  (net 165 "Net-(Q3-Pad1)")
  (net 166 "Net-(Q4-Pad1)")
  (net 167 "Net-(Q4-Pad2)")
  (net 168 "Net-(Q4-Pad3)")
  (net 169 "Net-(R1-Pad1)")
  (net 170 "Net-(R1-Pad2)")
  (net 171 "Net-(R2-Pad2)")
  (net 172 "Net-(R2-Pad1)")
  (net 173 "Net-(R3-Pad1)")
  (net 174 "Net-(R3-Pad2)")
  (net 175 "Net-(R4-Pad2)")
  (net 176 "Net-(R4-Pad1)")
  (net 177 "Net-(R5-Pad2)")
  (net 178 "Net-(R5-Pad1)")
  (net 179 "Net-(R6-Pad1)")
  (net 180 "Net-(R6-Pad2)")
  (net 181 "Net-(R7-Pad2)")
  (net 182 "Net-(R7-Pad1)")
  (net 183 "Net-(R8-Pad1)")
  (net 184 "Net-(R8-Pad2)")
  (net 185 "Net-(R9-Pad2)")
  (net 186 "Net-(R9-Pad1)")
  (net 187 "Net-(R10-Pad1)")
  (net 188 "Net-(R10-Pad2)")
  (net 189 "Net-(R11-Pad1)")
  (net 190 "Net-(R11-Pad2)")
  (net 191 "Net-(R12-Pad1)")
  (net 192 "Net-(R12-Pad2)")
  (net 193 "Net-(R13-Pad2)")
  (net 194 "Net-(R13-Pad1)")
  (net 195 "Net-(R14-Pad2)")
  (net 196 "Net-(R14-Pad1)")
  (net 197 "Net-(T1-Pad5)")
  (net 198 "Net-(T1-Pad4)")
  (net 199 "Net-(T1-Pad3)")
  (net 200 "Net-(T1-Pad2)")
  (net 201 "Net-(T1-Pad1)")
  (net 202 "Net-(T2-Pad1)")
  (net 203 "Net-(T2-Pad2)")
  (net 204 "Net-(T2-Pad3)")
  (net 205 "Net-(T2-Pad4)")
  (net 206 "Net-(T2-Pad5)")
  (net 207 "Net-(U1-Pad1)")
  (net 208 "Net-(U1-Pad2)")
  (net 209 "Net-(U1-Pad3)")
  (net 210 "Net-(U1-Pad4)")
  (net 211 "Net-(U1-Pad5)")
  (net 212 "Net-(J1-Pad93)")
  (net 213 "Net-(J1-Pad73)")
  (net 214 "Net-(J1-Pad87)")
  (net 215 "Net-(J1-Pad107)")
  (net 216 "Net-(J1-Pad99)")
  (net 217 "Net-(J1-Pad70)")
  (net 218 "Net-(J1-Pad96)")
  (net 219 "Net-(J1-Pad104)")
  (net 220 "Net-(J1-Pad116)")
  (net 221 "Net-(J1-Pad82)")
  (net 222 "Net-(J1-Pad88)")
  (net 223 "Net-(J1-Pad78)")
  (net 224 "Net-(J1-Pad95)")
  (net 225 "Net-(J1-Pad86)")
  (net 226 "Net-(J1-Pad74)")
  (net 227 "Net-(J1-Pad97)")
  (net 228 "Net-(J1-Pad68)")
  (net 229 "Net-(J1-Pad89)")
  (net 230 "Net-(J1-Pad80)")
  (net 231 "Net-(J1-Pad91)")
  (net 232 "Net-(J1-Pad120)")
  (net 233 "Net-(J1-Pad108)")
  (net 234 "Net-(J1-Pad102)")
  (net 235 "Net-(J1-Pad98)")
  (net 236 "Net-(J1-Pad71)")
  (net 237 "Net-(J1-Pad83)")
  (net 238 "Net-(J1-Pad105)")
  (net 239 "Net-(J1-Pad90)")
  (net 240 "Net-(J1-Pad84)")
  (net 241 "Net-(J1-Pad77)")
  (net 242 "Net-(J1-Pad69)")
  (net 243 "Net-(J1-Pad51)")
  (net 244 "Net-(J1-Pad62)")
  (net 245 "Net-(J1-Pad85)")
  (net 246 "Net-(J1-Pad119)")
  (net 247 "Net-(J1-Pad29)")
  (net 248 "Net-(J1-Pad21)")
  (net 249 "Net-(J1-Pad110)")
  (net 250 "Net-(J1-Pad39)")
  (net 251 "Net-(J1-Pad9)")
  (net 252 "Net-(J1-Pad47)")
  (net 253 "Net-(J1-Pad61)")
  (net 254 "Net-(J1-Pad19)")
  (net 255 "Net-(J1-Pad57)")
  (net 256 "Net-(J1-Pad114)")
  (net 257 "Net-(J1-Pad46)")
  (net 258 "Net-(J1-Pad55)")
  (net 259 "Net-(J1-Pad54)")
  (net 260 "Net-(J1-Pad94)")
  (net 261 "Net-(J1-Pad117)")
  (net 262 "Net-(J1-Pad76)")
  (net 263 "Net-(J1-Pad15)")
  (net 264 "Net-(J1-Pad100)")
  (net 265 "Net-(J1-Pad111)")
  (net 266 "Net-(J1-Pad92)")
  (net 267 "Net-(J1-Pad6)")
  (net 268 "Net-(J1-Pad37)")
  (net 269 "Net-(J1-Pad23)")
  (net 270 "Net-(J1-Pad52)")
  (net 271 "Net-(J1-Pad56)")
  (net 272 "Net-(J1-Pad13)")
  (net 273 "Net-(J1-Pad11)")
  (net 274 "Net-(J1-Pad58)")
  (net 275 "Net-(J1-Pad48)")
  (net 276 "Net-(J1-Pad67)")
  (net 277 "Net-(J1-Pad75)")
  (net 278 "Net-(J1-Pad112)")
  (net 279 "Net-(J1-Pad118)")
  (net 280 "Net-(J1-Pad81)")
  (net 281 "Net-(J1-Pad7)")
  (net 282 "Net-(J1-Pad20)")
  (net 283 "Net-(J1-Pad103)")
  (net 284 "Net-(J1-Pad41)")
  (net 285 "Net-(J1-Pad26)")
  (net 286 "Net-(J1-Pad101)")
  (net 287 "Net-(J1-Pad53)")
  (net 288 "Net-(J1-Pad30)")
  (net 289 "Net-(J1-Pad109)")
  (net 290 "Net-(J1-Pad4)")
  (net 291 "Net-(J1-Pad79)")
  (net 292 "Net-(J1-Pad65)")
  (net 293 "Net-(J1-Pad59)")
  (net 294 "Net-(J1-Pad27)")
  (net 295 "Net-(J1-Pad34)")
  (net 296 "Net-(J1-Pad63)")
  (net 297 "Net-(J1-Pad18)")
  (net 298 "Net-(J1-Pad72)")
  (net 299 "Net-(J1-Pad115)")
  (net 300 "Net-(J1-Pad16)")
  (net 301 "Net-(J1-Pad66)")
  (net 302 "Net-(J1-Pad64)")
  (net 303 "Net-(J1-Pad5)")
  (net 304 "Net-(J1-Pad106)")
  (net 305 "Net-(J1-Pad113)")
  (net 306 "Net-(J1-Pad60)")
  (net 307 "Net-(J1-Pad2)")
  (net 308 "Net-(J1-Pad45)")
  (net 309 "Net-(J1-Pad40)")
  (net 310 "Net-(J1-Pad36)")
  (net 311 "Net-(J1-Pad3)")
  (net 312 "Net-(J1-Pad31)")
  (net 313 "Net-(J1-Pad14)")
  (net 314 "Net-(J1-Pad10)")
  (net 315 "Net-(J1-Pad38)")
  (net 316 "Net-(J1-Pad25)")
  (net 317 "Net-(J1-Pad28)")
  (net 318 "Net-(J1-Pad33)")
  (net 319 "Net-(J1-Pad42)")
  (net 320 "Net-(J1-Pad32)")
  (net 321 "Net-(J1-Pad44)")
  (net 322 "Net-(J1-Pad1)")
  (net 323 "Net-(J1-Pad43)")
  (net 324 "Net-(J1-Pad50)")
  (net 325 "Net-(J1-Pad17)")
  (net 326 "Net-(J1-Pad49)")
  (net 327 "Net-(J1-Pad8)")
  (net 328 "Net-(J1-Pad24)")
  (net 329 "Net-(J1-Pad12)")
  (net 330 "Net-(J1-Pad22)")
  (net 331 "Net-(J1-Pad35)")

  (net_class Default "This is the default net class."
    (clearance 0.2)
    (trace_width 0.25)
    (via_dia 0.8)
    (via_drill 0.4)
    (uvia_dia 0.3)
    (uvia_drill 0.1)
    (add_net "Net-(C1-Pad1)")
    (add_net "Net-(C1-Pad2)")
    (add_net "Net-(C10-Pad1)")
    (add_net "Net-(C10-Pad2)")
    (add_net "Net-(C11-Pad1)")
    (add_net "Net-(C11-Pad2)")
    (add_net "Net-(C12-Pad1)")
    (add_net "Net-(C12-Pad2)")
    (add_net "Net-(C13-Pad1)")
    (add_net "Net-(C13-Pad2)")
    (add_net "Net-(C14-Pad1)")
    (add_net "Net-(C14-Pad2)")
    (add_net "Net-(C15-Pad1)")
    (add_net "Net-(C15-Pad2)")
    (add_net "Net-(C16-Pad1)")
    (add_net "Net-(C16-Pad2)")
    (add_net "Net-(C17-Pad1)")
    (add_net "Net-(C17-Pad2)")
    (add_net "Net-(C18-Pad1)")
    (add_net "Net-(C18-Pad2)")
    (add_net "Net-(C19-Pad1)")
    (add_net "Net-(C19-Pad2)")
    (add_net "Net-(C2-Pad1)")
    (add_net "Net-(C2-Pad2)")
    (add_net "Net-(C20-Pad1)")
    (add_net "Net-(C20-Pad2)")
    (add_net "Net-(C21-Pad1)")
    (add_net "Net-(C21-Pad2)")
    (add_net "Net-(C22-Pad1)")
    (add_net "Net-(C22-Pad2)")
    (add_net "Net-(C23-Pad1)")
    (add_net "Net-(C23-Pad2)")
    (add_net "Net-(C24-Pad1)")
    (add_net "Net-(C24-Pad2)")
    (add_net "Net-(C25-Pad1)")
    (add_net "Net-(C25-Pad2)")
    (add_net "Net-(C26-Pad1)")
    (add_net "Net-(C26-Pad2)")
    (add_net "Net-(C27-Pad1)")
    (add_net "Net-(C27-Pad2)")
    (add_net "Net-(C28-Pad1)")
    (add_net "Net-(C28-Pad2)")
    (add_net "Net-(C29-Pad1)")
    (add_net "Net-(C29-Pad2)")
    (add_net "Net-(C3-Pad1)")
    (add_net "Net-(C3-Pad2)")
    (add_net "Net-(C30-Pad1)")
    (add_net "Net-(C30-Pad2)")
    (add_net "Net-(C31-Pad1)")
    (add_net "Net-(C31-Pad2)")
    (add_net "Net-(C32-Pad1)")
    (add_net "Net-(C32-Pad2)")
    (add_net "Net-(C33-Pad1)")
    (add_net "Net-(C33-Pad2)")
    (add_net "Net-(C34-Pad1)")
    (add_net "Net-(C34-Pad2)")
    (add_net "Net-(C35-Pad1)")
    (add_net "Net-(C35-Pad2)")
    (add_net "Net-(C36-Pad1)")
    (add_net "Net-(C36-Pad2)")
    (add_net "Net-(C37-Pad1)")
    (add_net "Net-(C37-Pad2)")
    (add_net "Net-(C38-Pad1)")
    (add_net "Net-(C38-Pad2)")
    (add_net "Net-(C39-Pad1)")
    (add_net "Net-(C39-Pad2)")
    (add_net "Net-(C4-Pad1)")
    (add_net "Net-(C4-Pad2)")
    (add_net "Net-(C40-Pad1)")
    (add_net "Net-(C40-Pad2)")
    (add_net "Net-(C41-Pad1)")
    (add_net "Net-(C41-Pad2)")
    (add_net "Net-(C42-Pad1)")
    (add_net "Net-(C42-Pad2)")
    (add_net "Net-(C43-Pad1)")
    (add_net "Net-(C43-Pad2)")
    (add_net "Net-(C44-Pad1)")
    (add_net "Net-(C44-Pad2)")
    (add_net "Net-(C45-Pad1)")
    (add_net "Net-(C45-Pad2)")
    (add_net "Net-(C46-Pad1)")
    (add_net "Net-(C46-Pad2)")
    (add_net "Net-(C47-Pad1)")
    (add_net "Net-(C47-Pad2)")
    (add_net "Net-(C5-Pad1)")
    (add_net "Net-(C5-Pad2)")
    (add_net "Net-(C6-Pad1)")
    (add_net "Net-(C6-Pad2)")
    (add_net "Net-(C7-Pad1)")
    (add_net "Net-(C7-Pad2)")
    (add_net "Net-(C8-Pad1)")
    (add_net "Net-(C8-Pad2)")
    (add_net "Net-(C9-Pad1)")
    (add_net "Net-(C9-Pad2)")
    (add_net "Net-(J1-Pad1)")
    (add_net "Net-(J1-Pad10)")
    (add_net "Net-(J1-Pad100)")
    (add_net "Net-(J1-Pad101)")
    (add_net "Net-(J1-Pad102)")
    (add_net "Net-(J1-Pad103)")
    (add_net "Net-(J1-Pad104)")
    (add_net "Net-(J1-Pad105)")
    (add_net "Net-(J1-Pad106)")
    (add_net "Net-(J1-Pad107)")
    (add_net "Net-(J1-Pad108)")
    (add_net "Net-(J1-Pad109)")
    (add_net "Net-(J1-Pad11)")
    (add_net "Net-(J1-Pad110)")
    (add_net "Net-(J1-Pad111)")
    (add_net "Net-(J1-Pad112)")
    (add_net "Net-(J1-Pad113)")
    (add_net "Net-(J1-Pad114)")
    (add_net "Net-(J1-Pad115)")
    (add_net "Net-(J1-Pad116)")
    (add_net "Net-(J1-Pad117)")
    (add_net "Net-(J1-Pad118)")
    (add_net "Net-(J1-Pad119)")
    (add_net "Net-(J1-Pad12)")
    (add_net "Net-(J1-Pad120)")
    (add_net "Net-(J1-Pad13)")
    (add_net "Net-(J1-Pad14)")
    (add_net "Net-(J1-Pad15)")
    (add_net "Net-(J1-Pad16)")
    (add_net "Net-(J1-Pad17)")
    (add_net "Net-(J1-Pad18)")
    (add_net "Net-(J1-Pad19)")
    (add_net "Net-(J1-Pad2)")
    (add_net "Net-(J1-Pad20)")
    (add_net "Net-(J1-Pad21)")
    (add_net "Net-(J1-Pad22)")
    (add_net "Net-(J1-Pad23)")
    (add_net "Net-(J1-Pad24)")
    (add_net "Net-(J1-Pad25)")
    (add_net "Net-(J1-Pad26)")
    (add_net "Net-(J1-Pad27)")
    (add_net "Net-(J1-Pad28)")
    (add_net "Net-(J1-Pad29)")
    (add_net "Net-(J1-Pad3)")
    (add_net "Net-(J1-Pad30)")
    (add_net "Net-(J1-Pad31)")
    (add_net "Net-(J1-Pad32)")
    (add_net "Net-(J1-Pad33)")
    (add_net "Net-(J1-Pad34)")
    (add_net "Net-(J1-Pad35)")
    (add_net "Net-(J1-Pad36)")
    (add_net "Net-(J1-Pad37)")
    (add_net "Net-(J1-Pad38)")
    (add_net "Net-(J1-Pad39)")
    (add_net "Net-(J1-Pad4)")
    (add_net "Net-(J1-Pad40)")
    (add_net "Net-(J1-Pad41)")
    (add_net "Net-(J1-Pad42)")
    (add_net "Net-(J1-Pad43)")
    (add_net "Net-(J1-Pad44)")
    (add_net "Net-(J1-Pad45)")
    (add_net "Net-(J1-Pad46)")
    (add_net "Net-(J1-Pad47)")
    (add_net "Net-(J1-Pad48)")
    (add_net "Net-(J1-Pad49)")
    (add_net "Net-(J1-Pad5)")
    (add_net "Net-(J1-Pad50)")
    (add_net "Net-(J1-Pad51)")
    (add_net "Net-(J1-Pad52)")
    (add_net "Net-(J1-Pad53)")
    (add_net "Net-(J1-Pad54)")
    (add_net "Net-(J1-Pad55)")
    (add_net "Net-(J1-Pad56)")
    (add_net "Net-(J1-Pad57)")
    (add_net "Net-(J1-Pad58)")
    (add_net "Net-(J1-Pad59)")
    (add_net "Net-(J1-Pad6)")
    (add_net "Net-(J1-Pad60)")
    (add_net "Net-(J1-Pad61)")
    (add_net "Net-(J1-Pad62)")
    (add_net "Net-(J1-Pad63)")
    (add_net "Net-(J1-Pad64)")
    (add_net "Net-(J1-Pad65)")
    (add_net "Net-(J1-Pad66)")
    (add_net "Net-(J1-Pad67)")
    (add_net "Net-(J1-Pad68)")
    (add_net "Net-(J1-Pad69)")
    (add_net "Net-(J1-Pad7)")
    (add_net "Net-(J1-Pad70)")
    (add_net "Net-(J1-Pad71)")
    (add_net "Net-(J1-Pad72)")
    (add_net "Net-(J1-Pad73)")
    (add_net "Net-(J1-Pad74)")
    (add_net "Net-(J1-Pad75)")
    (add_net "Net-(J1-Pad76)")
    (add_net "Net-(J1-Pad77)")
    (add_net "Net-(J1-Pad78)")
    (add_net "Net-(J1-Pad79)")
    (add_net "Net-(J1-Pad8)")
    (add_net "Net-(J1-Pad80)")
    (add_net "Net-(J1-Pad81)")
    (add_net "Net-(J1-Pad82)")
    (add_net "Net-(J1-Pad83)")
    (add_net "Net-(J1-Pad84)")
    (add_net "Net-(J1-Pad85)")
    (add_net "Net-(J1-Pad86)")
    (add_net "Net-(J1-Pad87)")
    (add_net "Net-(J1-Pad88)")
    (add_net "Net-(J1-Pad89)")
    (add_net "Net-(J1-Pad9)")
    (add_net "Net-(J1-Pad90)")
    (add_net "Net-(J1-Pad91)")
    (add_net "Net-(J1-Pad92)")
    (add_net "Net-(J1-Pad93)")
    (add_net "Net-(J1-Pad94)")
    (add_net "Net-(J1-Pad95)")
    (add_net "Net-(J1-Pad96)")
    (add_net "Net-(J1-Pad97)")
    (add_net "Net-(J1-Pad98)")
    (add_net "Net-(J1-Pad99)")
    (add_net "Net-(L1-Pad1)")
    (add_net "Net-(L1-Pad2)")
    (add_net "Net-(L10-Pad1)")
    (add_net "Net-(L10-Pad2)")
    (add_net "Net-(L11-Pad1)")
    (add_net "Net-(L11-Pad2)")
    (add_net "Net-(L12-Pad1)")
    (add_net "Net-(L12-Pad2)")
    (add_net "Net-(L13-Pad1)")
    (add_net "Net-(L13-Pad2)")
    (add_net "Net-(L14-Pad1)")
    (add_net "Net-(L14-Pad2)")
    (add_net "Net-(L15-Pad1)")
    (add_net "Net-(L15-Pad2)")
    (add_net "Net-(L16-Pad1)")
    (add_net "Net-(L16-Pad2)")
    (add_net "Net-(L17-Pad1)")
    (add_net "Net-(L17-Pad2)")
    (add_net "Net-(L18-Pad1)")
    (add_net "Net-(L18-Pad2)")
    (add_net "Net-(L19-Pad1)")
    (add_net "Net-(L19-Pad2)")
    (add_net "Net-(L2-Pad1)")
    (add_net "Net-(L2-Pad2)")
    (add_net "Net-(L20-Pad1)")
    (add_net "Net-(L20-Pad2)")
    (add_net "Net-(L21-Pad1)")
    (add_net "Net-(L21-Pad2)")
    (add_net "Net-(L22-Pad1)")
    (add_net "Net-(L22-Pad2)")
    (add_net "Net-(L23-Pad1)")
    (add_net "Net-(L23-Pad2)")
    (add_net "Net-(L24-Pad1)")
    (add_net "Net-(L24-Pad2)")
    (add_net "Net-(L25-Pad1)")
    (add_net "Net-(L25-Pad2)")
    (add_net "Net-(L26-Pad1)")
    (add_net "Net-(L26-Pad2)")
    (add_net "Net-(L27-Pad1)")
    (add_net "Net-(L27-Pad2)")
    (add_net "Net-(L28-Pad1)")
    (add_net "Net-(L28-Pad2)")
    (add_net "Net-(L29-Pad1)")
    (add_net "Net-(L29-Pad2)")
    (add_net "Net-(L3-Pad1)")
    (add_net "Net-(L3-Pad2)")
    (add_net "Net-(L30-Pad1)")
    (add_net "Net-(L30-Pad2)")
    (add_net "Net-(L31-Pad1)")
    (add_net "Net-(L31-Pad2)")
    (add_net "Net-(L4-Pad1)")
    (add_net "Net-(L4-Pad2)")
    (add_net "Net-(L5-Pad1)")
    (add_net "Net-(L5-Pad2)")
    (add_net "Net-(L6-Pad1)")
    (add_net "Net-(L6-Pad2)")
    (add_net "Net-(L7-Pad1)")
    (add_net "Net-(L7-Pad2)")
    (add_net "Net-(L8-Pad1)")
    (add_net "Net-(L8-Pad2)")
    (add_net "Net-(L9-Pad1)")
    (add_net "Net-(L9-Pad2)")
    (add_net "Net-(Q1-Pad1)")
    (add_net "Net-(Q1-Pad2)")
    (add_net "Net-(Q1-Pad3)")
    (add_net "Net-(Q2-Pad1)")
    (add_net "Net-(Q2-Pad2)")
    (add_net "Net-(Q2-Pad3)")
    (add_net "Net-(Q3-Pad1)")
    (add_net "Net-(Q3-Pad2)")
    (add_net "Net-(Q3-Pad3)")
    (add_net "Net-(Q4-Pad1)")
    (add_net "Net-(Q4-Pad2)")
    (add_net "Net-(Q4-Pad3)")
    (add_net "Net-(R1-Pad1)")
    (add_net "Net-(R1-Pad2)")
    (add_net "Net-(R10-Pad1)")
    (add_net "Net-(R10-Pad2)")
    (add_net "Net-(R11-Pad1)")
    (add_net "Net-(R11-Pad2)")
    (add_net "Net-(R12-Pad1)")
    (add_net "Net-(R12-Pad2)")
    (add_net "Net-(R13-Pad1)")
    (add_net "Net-(R13-Pad2)")
    (add_net "Net-(R14-Pad1)")
    (add_net "Net-(R14-Pad2)")
    (add_net "Net-(R2-Pad1)")
    (add_net "Net-(R2-Pad2)")
    (add_net "Net-(R3-Pad1)")
    (add_net "Net-(R3-Pad2)")
    (add_net "Net-(R4-Pad1)")
    (add_net "Net-(R4-Pad2)")
    (add_net "Net-(R5-Pad1)")
    (add_net "Net-(R5-Pad2)")
    (add_net "Net-(R6-Pad1)")
    (add_net "Net-(R6-Pad2)")
    (add_net "Net-(R7-Pad1)")
    (add_net "Net-(R7-Pad2)")
    (add_net "Net-(R8-Pad1)")
    (add_net "Net-(R8-Pad2)")
    (add_net "Net-(R9-Pad1)")
    (add_net "Net-(R9-Pad2)")
    (add_net "Net-(T1-Pad1)")
    (add_net "Net-(T1-Pad2)")
    (add_net "Net-(T1-Pad3)")
    (add_net "Net-(T1-Pad4)")
    (add_net "Net-(T1-Pad5)")
    (add_net "Net-(T2-Pad1)")
    (add_net "Net-(T2-Pad2)")
    (add_net "Net-(T2-Pad3)")
    (add_net "Net-(T2-Pad4)")
    (add_net "Net-(T2-Pad5)")
    (add_net "Net-(U1-Pad1)")
    (add_net "Net-(U1-Pad2)")
    (add_net "Net-(U1-Pad3)")
    (add_net "Net-(U1-Pad4)")
    (add_net "Net-(U1-Pad5)")
  )

  (module Capacitor_SMD:C_0805_2012Metric (layer F.Cu) (tedit 5B36C52B) (tstamp 5E4C6676)
    (at 147.145001 88.185001)
    (descr "Capacitor SMD 0805 (2012 Metric), square (rectangular) end terminal, IPC_7351 nominal, (Body size source: https://docs.google.com/spreadsheets/d/1BsfQQcO9C6DZCsRaXUlFlo91Tg2WpOkGARC1WS5S8t0/edit?usp=sharing), generated with kicad-footprint-generator")
    (tags capacitor)
    (path /5E4B296A/5E4B2FFD)
    (attr smd)
    (fp_text reference C1 (at 0 -1.65) (layer F.SilkS)
      (effects (font (size 1 1) (thickness 0.15)))
    )
    (fp_text value C (at 0 1.65) (layer F.Fab)
      (effects (font (size 1 1) (thickness 0.15)))
    )
    (fp_text user %R (at 0 0) (layer F.Fab)
      (effects (font (size 0.5 0.5) (thickness 0.08)))
    )
    (fp_line (start 1.68 0.95) (end -1.68 0.95) (layer F.CrtYd) (width 0.05))
    (fp_line (start 1.68 -0.95) (end 1.68 0.95) (layer F.CrtYd) (width 0.05))
    (fp_line (start -1.68 -0.95) (end 1.68 -0.95) (layer F.CrtYd) (width 0.05))
    (fp_line (start -1.68 0.95) (end -1.68 -0.95) (layer F.CrtYd) (width 0.05))
    (fp_line (start -0.258578 0.71) (end 0.258578 0.71) (layer F.SilkS) (width 0.12))
    (fp_line (start -0.258578 -0.71) (end 0.258578 -0.71) (layer F.SilkS) (width 0.12))
    (fp_line (start 1 0.6) (end -1 0.6) (layer F.Fab) (width 0.1))
    (fp_line (start 1 -0.6) (end 1 0.6) (layer F.Fab) (width 0.1))
    (fp_line (start -1 -0.6) (end 1 -0.6) (layer F.Fab) (width 0.1))
    (fp_line (start -1 0.6) (end -1 -0.6) (layer F.Fab) (width 0.1))
    (pad 2 smd roundrect (at 0.9375 0) (size 0.975 1.4) (layers F.Cu F.Paste F.Mask) (roundrect_rratio 0.25)
      (net 1 "Net-(C1-Pad2)"))
    (pad 1 smd roundrect (at -0.9375 0) (size 0.975 1.4) (layers F.Cu F.Paste F.Mask) (roundrect_rratio 0.25)
      (net 2 "Net-(C1-Pad1)"))
    (model ${KISYS3DMOD}/Capacitor_SMD.3dshapes/C_0805_2012Metric.wrl
      (at (xyz 0 0 0))
      (scale (xyz 1 1 1))
      (rotate (xyz 0 0 0))
    )
  )

  (module Capacitor_SMD:C_0805_2012Metric (layer F.Cu) (tedit 5B36C52B) (tstamp 5E4C6696)
    (at 167.925001 78.005001)
    (descr "Capacitor SMD 0805 (2012 Metric), square (rectangular) end terminal, IPC_7351 nominal, (Body size source: https://docs.google.com/spreadsheets/d/1BsfQQcO9C6DZCsRaXUlFlo91Tg2WpOkGARC1WS5S8t0/edit?usp=sharing), generated with kicad-footprint-generator")
    (tags capacitor)
    (path /5E4B29A6/5E4C4423)
    (attr smd)
    (fp_text reference C3 (at 0 -1.65) (layer F.SilkS)
      (effects (font (size 1 1) (thickness 0.15)))
    )
    (fp_text value C (at 0 1.65) (layer F.Fab)
      (effects (font (size 1 1) (thickness 0.15)))
    )
    (fp_line (start -1 0.6) (end -1 -0.6) (layer F.Fab) (width 0.1))
    (fp_line (start -1 -0.6) (end 1 -0.6) (layer F.Fab) (width 0.1))
    (fp_line (start 1 -0.6) (end 1 0.6) (layer F.Fab) (width 0.1))
    (fp_line (start 1 0.6) (end -1 0.6) (layer F.Fab) (width 0.1))
    (fp_line (start -0.258578 -0.71) (end 0.258578 -0.71) (layer F.SilkS) (width 0.12))
    (fp_line (start -0.258578 0.71) (end 0.258578 0.71) (layer F.SilkS) (width 0.12))
    (fp_line (start -1.68 0.95) (end -1.68 -0.95) (layer F.CrtYd) (width 0.05))
    (fp_line (start -1.68 -0.95) (end 1.68 -0.95) (layer F.CrtYd) (width 0.05))
    (fp_line (start 1.68 -0.95) (end 1.68 0.95) (layer F.CrtYd) (width 0.05))
    (fp_line (start 1.68 0.95) (end -1.68 0.95) (layer F.CrtYd) (width 0.05))
    (fp_text user %R (at 0 0) (layer F.Fab)
      (effects (font (size 0.5 0.5) (thickness 0.08)))
    )
    (pad 1 smd roundrect (at -0.9375 0) (size 0.975 1.4) (layers F.Cu F.Paste F.Mask) (roundrect_rratio 0.25)
      (net 5 "Net-(C3-Pad1)"))
    (pad 2 smd roundrect (at 0.9375 0) (size 0.975 1.4) (layers F.Cu F.Paste F.Mask) (roundrect_rratio 0.25)
      (net 6 "Net-(C3-Pad2)"))
    (model ${KISYS3DMOD}/Capacitor_SMD.3dshapes/C_0805_2012Metric.wrl
      (at (xyz 0 0 0))
      (scale (xyz 1 1 1))
      (rotate (xyz 0 0 0))
    )
  )

  (module Capacitor_SMD:C_0805_2012Metric (layer F.Cu) (tedit 5B36C52B) (tstamp 5E4C66C5)
    (at 154.815001 59.273001)
    (descr "Capacitor SMD 0805 (2012 Metric), square (rectangular) end terminal, IPC_7351 nominal, (Body size source: https://docs.google.com/spreadsheets/d/1BsfQQcO9C6DZCsRaXUlFlo91Tg2WpOkGARC1WS5S8t0/edit?usp=sharing), generated with kicad-footprint-generator")
    (tags capacitor)
    (path /5E4B29B3/5E4B3D0C)
    (attr smd)
    (fp_text reference C6 (at 0 -1.65) (layer F.SilkS)
      (effects (font (size 1 1) (thickness 0.15)))
    )
    (fp_text value C (at 0 1.65) (layer F.Fab)
      (effects (font (size 1 1) (thickness 0.15)))
    )
    (fp_text user %R (at 0 0) (layer F.Fab)
      (effects (font (size 0.5 0.5) (thickness 0.08)))
    )
    (fp_line (start 1.68 0.95) (end -1.68 0.95) (layer F.CrtYd) (width 0.05))
    (fp_line (start 1.68 -0.95) (end 1.68 0.95) (layer F.CrtYd) (width 0.05))
    (fp_line (start -1.68 -0.95) (end 1.68 -0.95) (layer F.CrtYd) (width 0.05))
    (fp_line (start -1.68 0.95) (end -1.68 -0.95) (layer F.CrtYd) (width 0.05))
    (fp_line (start -0.258578 0.71) (end 0.258578 0.71) (layer F.SilkS) (width 0.12))
    (fp_line (start -0.258578 -0.71) (end 0.258578 -0.71) (layer F.SilkS) (width 0.12))
    (fp_line (start 1 0.6) (end -1 0.6) (layer F.Fab) (width 0.1))
    (fp_line (start 1 -0.6) (end 1 0.6) (layer F.Fab) (width 0.1))
    (fp_line (start -1 -0.6) (end 1 -0.6) (layer F.Fab) (width 0.1))
    (fp_line (start -1 0.6) (end -1 -0.6) (layer F.Fab) (width 0.1))
    (pad 2 smd roundrect (at 0.9375 0) (size 0.975 1.4) (layers F.Cu F.Paste F.Mask) (roundrect_rratio 0.25)
      (net 11 "Net-(C6-Pad2)"))
    (pad 1 smd roundrect (at -0.9375 0) (size 0.975 1.4) (layers F.Cu F.Paste F.Mask) (roundrect_rratio 0.25)
      (net 12 "Net-(C6-Pad1)"))
    (model ${KISYS3DMOD}/Capacitor_SMD.3dshapes/C_0805_2012Metric.wrl
      (at (xyz 0 0 0))
      (scale (xyz 1 1 1))
      (rotate (xyz 0 0 0))
    )
  )

  (module Capacitor_SMD:C_0805_2012Metric (layer F.Cu) (tedit 5B36C52B) (tstamp 5E4C66D6)
    (at 168.131001 60.494001)
    (descr "Capacitor SMD 0805 (2012 Metric), square (rectangular) end terminal, IPC_7351 nominal, (Body size source: https://docs.google.com/spreadsheets/d/1BsfQQcO9C6DZCsRaXUlFlo91Tg2WpOkGARC1WS5S8t0/edit?usp=sharing), generated with kicad-footprint-generator")
    (tags capacitor)
    (path /5E4B29B3/5E4B3F45)
    (attr smd)
    (fp_text reference C7 (at 0 -1.65) (layer F.SilkS)
      (effects (font (size 1 1) (thickness 0.15)))
    )
    (fp_text value C (at 0 1.65) (layer F.Fab)
      (effects (font (size 1 1) (thickness 0.15)))
    )
    (fp_text user %R (at 0 0) (layer F.Fab)
      (effects (font (size 0.5 0.5) (thickness 0.08)))
    )
    (fp_line (start 1.68 0.95) (end -1.68 0.95) (layer F.CrtYd) (width 0.05))
    (fp_line (start 1.68 -0.95) (end 1.68 0.95) (layer F.CrtYd) (width 0.05))
    (fp_line (start -1.68 -0.95) (end 1.68 -0.95) (layer F.CrtYd) (width 0.05))
    (fp_line (start -1.68 0.95) (end -1.68 -0.95) (layer F.CrtYd) (width 0.05))
    (fp_line (start -0.258578 0.71) (end 0.258578 0.71) (layer F.SilkS) (width 0.12))
    (fp_line (start -0.258578 -0.71) (end 0.258578 -0.71) (layer F.SilkS) (width 0.12))
    (fp_line (start 1 0.6) (end -1 0.6) (layer F.Fab) (width 0.1))
    (fp_line (start 1 -0.6) (end 1 0.6) (layer F.Fab) (width 0.1))
    (fp_line (start -1 -0.6) (end 1 -0.6) (layer F.Fab) (width 0.1))
    (fp_line (start -1 0.6) (end -1 -0.6) (layer F.Fab) (width 0.1))
    (pad 2 smd roundrect (at 0.9375 0) (size 0.975 1.4) (layers F.Cu F.Paste F.Mask) (roundrect_rratio 0.25)
      (net 13 "Net-(C7-Pad2)"))
    (pad 1 smd roundrect (at -0.9375 0) (size 0.975 1.4) (layers F.Cu F.Paste F.Mask) (roundrect_rratio 0.25)
      (net 14 "Net-(C7-Pad1)"))
    (model ${KISYS3DMOD}/Capacitor_SMD.3dshapes/C_0805_2012Metric.wrl
      (at (xyz 0 0 0))
      (scale (xyz 1 1 1))
      (rotate (xyz 0 0 0))
    )
  )

  (module Capacitor_SMD:C_0805_2012Metric (layer F.Cu) (tedit 5B36C52B) (tstamp 5E4C66E7)
    (at 174.951001 58.544001)
    (descr "Capacitor SMD 0805 (2012 Metric), square (rectangular) end terminal, IPC_7351 nominal, (Body size source: https://docs.google.com/spreadsheets/d/1BsfQQcO9C6DZCsRaXUlFlo91Tg2WpOkGARC1WS5S8t0/edit?usp=sharing), generated with kicad-footprint-generator")
    (tags capacitor)
    (path /5E4B29B3/5E4C3715)
    (attr smd)
    (fp_text reference C8 (at 0 -1.65) (layer F.SilkS)
      (effects (font (size 1 1) (thickness 0.15)))
    )
    (fp_text value C (at 0 1.65) (layer F.Fab)
      (effects (font (size 1 1) (thickness 0.15)))
    )
    (fp_text user %R (at 0 0) (layer F.Fab)
      (effects (font (size 0.5 0.5) (thickness 0.08)))
    )
    (fp_line (start 1.68 0.95) (end -1.68 0.95) (layer F.CrtYd) (width 0.05))
    (fp_line (start 1.68 -0.95) (end 1.68 0.95) (layer F.CrtYd) (width 0.05))
    (fp_line (start -1.68 -0.95) (end 1.68 -0.95) (layer F.CrtYd) (width 0.05))
    (fp_line (start -1.68 0.95) (end -1.68 -0.95) (layer F.CrtYd) (width 0.05))
    (fp_line (start -0.258578 0.71) (end 0.258578 0.71) (layer F.SilkS) (width 0.12))
    (fp_line (start -0.258578 -0.71) (end 0.258578 -0.71) (layer F.SilkS) (width 0.12))
    (fp_line (start 1 0.6) (end -1 0.6) (layer F.Fab) (width 0.1))
    (fp_line (start 1 -0.6) (end 1 0.6) (layer F.Fab) (width 0.1))
    (fp_line (start -1 -0.6) (end 1 -0.6) (layer F.Fab) (width 0.1))
    (fp_line (start -1 0.6) (end -1 -0.6) (layer F.Fab) (width 0.1))
    (pad 2 smd roundrect (at 0.9375 0) (size 0.975 1.4) (layers F.Cu F.Paste F.Mask) (roundrect_rratio 0.25)
      (net 15 "Net-(C8-Pad2)"))
    (pad 1 smd roundrect (at -0.9375 0) (size 0.975 1.4) (layers F.Cu F.Paste F.Mask) (roundrect_rratio 0.25)
      (net 16 "Net-(C8-Pad1)"))
    (model ${KISYS3DMOD}/Capacitor_SMD.3dshapes/C_0805_2012Metric.wrl
      (at (xyz 0 0 0))
      (scale (xyz 1 1 1))
      (rotate (xyz 0 0 0))
    )
  )

  (module Capacitor_SMD:C_0805_2012Metric (layer F.Cu) (tedit 5B36C52B) (tstamp 5E4C66F8)
    (at 171.541001 62.444001)
    (descr "Capacitor SMD 0805 (2012 Metric), square (rectangular) end terminal, IPC_7351 nominal, (Body size source: https://docs.google.com/spreadsheets/d/1BsfQQcO9C6DZCsRaXUlFlo91Tg2WpOkGARC1WS5S8t0/edit?usp=sharing), generated with kicad-footprint-generator")
    (tags capacitor)
    (path /5E4B29B3/5E4B3D4D)
    (attr smd)
    (fp_text reference C9 (at 0 -1.65) (layer F.SilkS)
      (effects (font (size 1 1) (thickness 0.15)))
    )
    (fp_text value C (at 0 1.65) (layer F.Fab)
      (effects (font (size 1 1) (thickness 0.15)))
    )
    (fp_line (start -1 0.6) (end -1 -0.6) (layer F.Fab) (width 0.1))
    (fp_line (start -1 -0.6) (end 1 -0.6) (layer F.Fab) (width 0.1))
    (fp_line (start 1 -0.6) (end 1 0.6) (layer F.Fab) (width 0.1))
    (fp_line (start 1 0.6) (end -1 0.6) (layer F.Fab) (width 0.1))
    (fp_line (start -0.258578 -0.71) (end 0.258578 -0.71) (layer F.SilkS) (width 0.12))
    (fp_line (start -0.258578 0.71) (end 0.258578 0.71) (layer F.SilkS) (width 0.12))
    (fp_line (start -1.68 0.95) (end -1.68 -0.95) (layer F.CrtYd) (width 0.05))
    (fp_line (start -1.68 -0.95) (end 1.68 -0.95) (layer F.CrtYd) (width 0.05))
    (fp_line (start 1.68 -0.95) (end 1.68 0.95) (layer F.CrtYd) (width 0.05))
    (fp_line (start 1.68 0.95) (end -1.68 0.95) (layer F.CrtYd) (width 0.05))
    (fp_text user %R (at 0 0) (layer F.Fab)
      (effects (font (size 0.5 0.5) (thickness 0.08)))
    )
    (pad 1 smd roundrect (at -0.9375 0) (size 0.975 1.4) (layers F.Cu F.Paste F.Mask) (roundrect_rratio 0.25)
      (net 17 "Net-(C9-Pad1)"))
    (pad 2 smd roundrect (at 0.9375 0) (size 0.975 1.4) (layers F.Cu F.Paste F.Mask) (roundrect_rratio 0.25)
      (net 18 "Net-(C9-Pad2)"))
    (model ${KISYS3DMOD}/Capacitor_SMD.3dshapes/C_0805_2012Metric.wrl
      (at (xyz 0 0 0))
      (scale (xyz 1 1 1))
      (rotate (xyz 0 0 0))
    )
  )

  (module Capacitor_SMD:C_0805_2012Metric (layer F.Cu) (tedit 5B36C52B) (tstamp 5E4C6709)
    (at 174.951001 60.494001)
    (descr "Capacitor SMD 0805 (2012 Metric), square (rectangular) end terminal, IPC_7351 nominal, (Body size source: https://docs.google.com/spreadsheets/d/1BsfQQcO9C6DZCsRaXUlFlo91Tg2WpOkGARC1WS5S8t0/edit?usp=sharing), generated with kicad-footprint-generator")
    (tags capacitor)
    (path /5E4B29B3/5E4B3F4C)
    (attr smd)
    (fp_text reference C10 (at 0 -1.65) (layer F.SilkS)
      (effects (font (size 1 1) (thickness 0.15)))
    )
    (fp_text value C (at 0 1.65) (layer F.Fab)
      (effects (font (size 1 1) (thickness 0.15)))
    )
    (fp_line (start -1 0.6) (end -1 -0.6) (layer F.Fab) (width 0.1))
    (fp_line (start -1 -0.6) (end 1 -0.6) (layer F.Fab) (width 0.1))
    (fp_line (start 1 -0.6) (end 1 0.6) (layer F.Fab) (width 0.1))
    (fp_line (start 1 0.6) (end -1 0.6) (layer F.Fab) (width 0.1))
    (fp_line (start -0.258578 -0.71) (end 0.258578 -0.71) (layer F.SilkS) (width 0.12))
    (fp_line (start -0.258578 0.71) (end 0.258578 0.71) (layer F.SilkS) (width 0.12))
    (fp_line (start -1.68 0.95) (end -1.68 -0.95) (layer F.CrtYd) (width 0.05))
    (fp_line (start -1.68 -0.95) (end 1.68 -0.95) (layer F.CrtYd) (width 0.05))
    (fp_line (start 1.68 -0.95) (end 1.68 0.95) (layer F.CrtYd) (width 0.05))
    (fp_line (start 1.68 0.95) (end -1.68 0.95) (layer F.CrtYd) (width 0.05))
    (fp_text user %R (at 0 0) (layer F.Fab)
      (effects (font (size 0.5 0.5) (thickness 0.08)))
    )
    (pad 1 smd roundrect (at -0.9375 0) (size 0.975 1.4) (layers F.Cu F.Paste F.Mask) (roundrect_rratio 0.25)
      (net 19 "Net-(C10-Pad1)"))
    (pad 2 smd roundrect (at 0.9375 0) (size 0.975 1.4) (layers F.Cu F.Paste F.Mask) (roundrect_rratio 0.25)
      (net 20 "Net-(C10-Pad2)"))
    (model ${KISYS3DMOD}/Capacitor_SMD.3dshapes/C_0805_2012Metric.wrl
      (at (xyz 0 0 0))
      (scale (xyz 1 1 1))
      (rotate (xyz 0 0 0))
    )
  )

  (module Capacitor_SMD:C_0805_2012Metric (layer F.Cu) (tedit 5B36C52B) (tstamp 5E4C671A)
    (at 151.405001 59.273001)
    (descr "Capacitor SMD 0805 (2012 Metric), square (rectangular) end terminal, IPC_7351 nominal, (Body size source: https://docs.google.com/spreadsheets/d/1BsfQQcO9C6DZCsRaXUlFlo91Tg2WpOkGARC1WS5S8t0/edit?usp=sharing), generated with kicad-footprint-generator")
    (tags capacitor)
    (path /5E4B29B3/5E4C371C)
    (attr smd)
    (fp_text reference C11 (at 0 -1.65) (layer F.SilkS)
      (effects (font (size 1 1) (thickness 0.15)))
    )
    (fp_text value C (at 0 1.65) (layer F.Fab)
      (effects (font (size 1 1) (thickness 0.15)))
    )
    (fp_line (start -1 0.6) (end -1 -0.6) (layer F.Fab) (width 0.1))
    (fp_line (start -1 -0.6) (end 1 -0.6) (layer F.Fab) (width 0.1))
    (fp_line (start 1 -0.6) (end 1 0.6) (layer F.Fab) (width 0.1))
    (fp_line (start 1 0.6) (end -1 0.6) (layer F.Fab) (width 0.1))
    (fp_line (start -0.258578 -0.71) (end 0.258578 -0.71) (layer F.SilkS) (width 0.12))
    (fp_line (start -0.258578 0.71) (end 0.258578 0.71) (layer F.SilkS) (width 0.12))
    (fp_line (start -1.68 0.95) (end -1.68 -0.95) (layer F.CrtYd) (width 0.05))
    (fp_line (start -1.68 -0.95) (end 1.68 -0.95) (layer F.CrtYd) (width 0.05))
    (fp_line (start 1.68 -0.95) (end 1.68 0.95) (layer F.CrtYd) (width 0.05))
    (fp_line (start 1.68 0.95) (end -1.68 0.95) (layer F.CrtYd) (width 0.05))
    (fp_text user %R (at 0 0) (layer F.Fab)
      (effects (font (size 0.5 0.5) (thickness 0.08)))
    )
    (pad 1 smd roundrect (at -0.9375 0) (size 0.975 1.4) (layers F.Cu F.Paste F.Mask) (roundrect_rratio 0.25)
      (net 21 "Net-(C11-Pad1)"))
    (pad 2 smd roundrect (at 0.9375 0) (size 0.975 1.4) (layers F.Cu F.Paste F.Mask) (roundrect_rratio 0.25)
      (net 22 "Net-(C11-Pad2)"))
    (model ${KISYS3DMOD}/Capacitor_SMD.3dshapes/C_0805_2012Metric.wrl
      (at (xyz 0 0 0))
      (scale (xyz 1 1 1))
      (rotate (xyz 0 0 0))
    )
  )

  (module Capacitor_SMD:C_0805_2012Metric (layer F.Cu) (tedit 5B36C52B) (tstamp 5E4C672B)
    (at 154.815001 57.323001)
    (descr "Capacitor SMD 0805 (2012 Metric), square (rectangular) end terminal, IPC_7351 nominal, (Body size source: https://docs.google.com/spreadsheets/d/1BsfQQcO9C6DZCsRaXUlFlo91Tg2WpOkGARC1WS5S8t0/edit?usp=sharing), generated with kicad-footprint-generator")
    (tags capacitor)
    (path /5E4B29B3/5E4B3D82)
    (attr smd)
    (fp_text reference C12 (at 0 -1.65) (layer F.SilkS)
      (effects (font (size 1 1) (thickness 0.15)))
    )
    (fp_text value C (at 0 1.65) (layer F.Fab)
      (effects (font (size 1 1) (thickness 0.15)))
    )
    (fp_text user %R (at 0 0) (layer F.Fab)
      (effects (font (size 0.5 0.5) (thickness 0.08)))
    )
    (fp_line (start 1.68 0.95) (end -1.68 0.95) (layer F.CrtYd) (width 0.05))
    (fp_line (start 1.68 -0.95) (end 1.68 0.95) (layer F.CrtYd) (width 0.05))
    (fp_line (start -1.68 -0.95) (end 1.68 -0.95) (layer F.CrtYd) (width 0.05))
    (fp_line (start -1.68 0.95) (end -1.68 -0.95) (layer F.CrtYd) (width 0.05))
    (fp_line (start -0.258578 0.71) (end 0.258578 0.71) (layer F.SilkS) (width 0.12))
    (fp_line (start -0.258578 -0.71) (end 0.258578 -0.71) (layer F.SilkS) (width 0.12))
    (fp_line (start 1 0.6) (end -1 0.6) (layer F.Fab) (width 0.1))
    (fp_line (start 1 -0.6) (end 1 0.6) (layer F.Fab) (width 0.1))
    (fp_line (start -1 -0.6) (end 1 -0.6) (layer F.Fab) (width 0.1))
    (fp_line (start -1 0.6) (end -1 -0.6) (layer F.Fab) (width 0.1))
    (pad 2 smd roundrect (at 0.9375 0) (size 0.975 1.4) (layers F.Cu F.Paste F.Mask) (roundrect_rratio 0.25)
      (net 23 "Net-(C12-Pad2)"))
    (pad 1 smd roundrect (at -0.9375 0) (size 0.975 1.4) (layers F.Cu F.Paste F.Mask) (roundrect_rratio 0.25)
      (net 24 "Net-(C12-Pad1)"))
    (model ${KISYS3DMOD}/Capacitor_SMD.3dshapes/C_0805_2012Metric.wrl
      (at (xyz 0 0 0))
      (scale (xyz 1 1 1))
      (rotate (xyz 0 0 0))
    )
  )

  (module Capacitor_SMD:C_0805_2012Metric (layer F.Cu) (tedit 5B36C52B) (tstamp 5E4C673C)
    (at 168.131001 56.594001)
    (descr "Capacitor SMD 0805 (2012 Metric), square (rectangular) end terminal, IPC_7351 nominal, (Body size source: https://docs.google.com/spreadsheets/d/1BsfQQcO9C6DZCsRaXUlFlo91Tg2WpOkGARC1WS5S8t0/edit?usp=sharing), generated with kicad-footprint-generator")
