(kicad_pcb (version 20171130) (host pcbnew "(5.1.5-0-10_14)")

  (general
    (thickness 1.6)
    (drawings 4)
    (tracks 8)
    (zones 0)
    (modules 11)
    (nets 8)
  )

  (page A4)
  (layers
    (0 F.Cu signal)
    (31 B.Cu signal)
    (32 B.Adhes user)
    (33 F.Adhes user)
    (34 B.Paste user)
    (35 F.Paste user)
    (36 B.SilkS user)
    (37 F.SilkS user)
    (38 B.Mask user)
    (39 F.Mask user)
    (40 Dwgs.User user)
    (41 Cmts.User user)
    (42 Eco1.User user)
    (43 Eco2.User user)
    (44 Edge.Cuts user)
    (45 Margin user)
    (46 B.CrtYd user)
    (47 F.CrtYd user)
    (48 B.Fab user)
    (49 F.Fab user)
  )

  (setup
    (last_trace_width 0.25)
    (trace_clearance 0.2)
    (zone_clearance 0.508)
    (zone_45_only no)
    (trace_min 0.2)
    (via_size 0.8)
    (via_drill 0.4)
    (via_min_size 0.4)
    (via_min_drill 0.3)
    (uvia_size 0.3)
    (uvia_drill 0.1)
    (uvias_allowed no)
    (uvia_min_size 0.2)
    (uvia_min_drill 0.1)
    (edge_width 0.05)
    (segment_width 0.2)
    (pcb_text_width 0.3)
    (pcb_text_size 1.5 1.5)
    (mod_edge_width 0.12)
    (mod_text_size 1 1)
    (mod_text_width 0.15)
    (pad_size 1.524 1.524)
    (pad_drill 0.762)
    (pad_to_mask_clearance 0.051)
    (solder_mask_min_width 0.25)
    (aux_axis_origin 0 0)
    (visible_elements FFFFFF7F)
    (pcbplotparams
      (layerselection 0x01000_ffffffff)
      (usegerberextensions false)
      (usegerberattributes false)
      (usegerberadvancedattributes false)
      (creategerberjobfile false)
      (excludeedgelayer true)
      (linewidth 0.100000)
      (plotframeref false)
      (viasonmask false)
      (mode 1)
      (useauxorigin false)
      (hpglpennumber 1)
      (hpglpenspeed 20)
      (hpglpendiameter 15.000000)
      (psnegative false)
      (psa4output false)
      (plotreference true)
      (plotvalue true)
      (plotinvisibletext false)
      (padsonsilk false)
      (subtractmaskfromsilk false)
      (outputformat 1)
      (mirror false)
      (drillshape 0)
      (scaleselection 1)
      (outputdirectory "../../../../../../../../Volumes/USB30FD/Conner/32.1 MHz Lowpass FIlter/"))
  )

  (net 0 "")
  (net 1 "Net-(C1-Pad1)")
  (net 2 GND)
  (net 3 "Net-(C2-Pad1)")
  (net 4 "Net-(C3-Pad1)")
  (net 5 "Net-(C4-Pad1)")
  (net 6 "Net-(J2-Pad1)")
  (net 7 "Net-(J1-Pad1)")

  (net_class Default "This is the default net class."
    (clearance 0.2)
    (trace_width 0.25)
    (via_dia 0.8)
    (via_drill 0.4)
    (uvia_dia 0.3)
    (uvia_drill 0.1)
    (add_net GND)
    (add_net "Net-(C1-Pad1)")
    (add_net "Net-(C2-Pad1)")
    (add_net "Net-(C3-Pad1)")
    (add_net "Net-(C4-Pad1)")
    (add_net "Net-(J1-Pad1)")
    (add_net "Net-(J2-Pad1)")
  )

  (module Capacitor_SMD:C_0805_2012Metric_Pad1.15x1.40mm_HandSolder (layer F.Cu) (tedit 5B36C52B) (tstamp 5E58A7F8)
    (at 132.32 79.045 270)
    (descr "Capacitor SMD 0805 (2012 Metric), square (rectangular) end terminal, IPC_7351 nominal with elongated pad for handsoldering. (Body size source: https://docs.google.com/spreadsheets/d/1BsfQQcO9C6DZCsRaXUlFlo91Tg2WpOkGARC1WS5S8t0/edit?usp=sharing), generated with kicad-footprint-generator")
    (tags "capacitor handsolder")
    (path /5E587C61)
    (attr smd)
    (fp_text reference C1 (at 0 -1.65 90) (layer F.SilkS)
      (effects (font (size 1 1) (thickness 0.15)))
    )
    (fp_text value 91pF (at 0 1.65 90) (layer F.Fab)
      (effects (font (size 1 1) (thickness 0.15)))
    )
    (fp_line (start -1 0.6) (end -1 -0.6) (layer F.Fab) (width 0.1))
    (fp_line (start -1 -0.6) (end 1 -0.6) (layer F.Fab) (width 0.1))
    (fp_line (start 1 -0.6) (end 1 0.6) (layer F.Fab) (width 0.1))
    (fp_line (start 1 0.6) (end -1 0.6) (layer F.Fab) (width 0.1))
    (fp_line (start -0.261252 -0.71) (end 0.261252 -0.71) (layer F.SilkS) (width 0.12))
    (fp_line (start -0.261252 0.71) (end 0.261252 0.71) (layer F.SilkS) (width 0.12))
    (fp_line (start -1.85 0.95) (end -1.85 -0.95) (layer F.CrtYd) (width 0.05))
    (fp_line (start -1.85 -0.95) (end 1.85 -0.95) (layer F.CrtYd) (width 0.05))
    (fp_line (start 1.85 -0.95) (end 1.85 0.95) (layer F.CrtYd) (width 0.05))
    (fp_line (start 1.85 0.95) (end -1.85 0.95) (layer F.CrtYd) (width 0.05))
    (fp_text user %R (at 0 0 90) (layer F.Fab)
      (effects (font (size 0.5 0.5) (thickness 0.08)))
    )
    (pad 1 smd roundrect (at -1.025 0 270) (size 1.15 1.4) (layers F.Cu F.Paste F.Mask) (roundrect_rratio 0.217391)
      (net 1 "Net-(C1-Pad1)"))
    (pad 2 smd roundrect (at 1.025 0 270) (size 1.15 1.4) (layers F.Cu F.Paste F.Mask) (roundrect_rratio 0.217391)
      (net 2 GND))
    (model ${KISYS3DMOD}/Capacitor_SMD.3dshapes/C_0805_2012Metric.wrl
      (at (xyz 0 0 0))
      (scale (xyz 1 1 1))
      (rotate (xyz 0 0 0))
    )
  )

  (module Capacitor_SMD:C_0805_2012Metric_Pad1.15x1.40mm_HandSolder (layer F.Cu) (tedit 5B36C52B) (tstamp 5E58A809)
    (at 145.29 79.065 270)
    (descr "Capacitor SMD 0805 (2012 Metric), square (rectangular) end terminal, IPC_7351 nominal with elongated pad for handsoldering. (Body size source: https://docs.google.com/spreadsheets/d/1BsfQQcO9C6DZCsRaXUlFlo91Tg2WpOkGARC1WS5S8t0/edit?usp=sharing), generated with kicad-footprint-generator")
    (tags "capacitor handsolder")
    (path /5E588C39)
    (attr smd)
    (fp_text reference C2 (at 0 -1.65 90) (layer F.SilkS)
      (effects (font (size 1 1) (thickness 0.15)))
    )
    (fp_text value 160pF (at 0 1.65 90) (layer F.Fab)
      (effects (font (size 1 1) (thickness 0.15)))
    )
    (fp_text user %R (at 0 0 90) (layer F.Fab)
      (effects (font (size 0.5 0.5) (thickness 0.08)))
    )
    (fp_line (start 1.85 0.95) (end -1.85 0.95) (layer F.CrtYd) (width 0.05))
    (fp_line (start 1.85 -0.95) (end 1.85 0.95) (layer F.CrtYd) (width 0.05))
    (fp_line (start -1.85 -0.95) (end 1.85 -0.95) (layer F.CrtYd) (width 0.05))
    (fp_line (start -1.85 0.95) (end -1.85 -0.95) (layer F.CrtYd) (width 0.05))
    (fp_line (start -0.261252 0.71) (end 0.261252 0.71) (layer F.SilkS) (width 0.12))
    (fp_line (start -0.261252 -0.71) (end 0.261252 -0.71) (layer F.SilkS) (width 0.12))
    (fp_line (start 1 0.6) (end -1 0.6) (layer F.Fab) (width 0.1))
    (fp_line (start 1 -0.6) (end 1 0.6) (layer F.Fab) (width 0.1))
    (fp_line (start -1 -0.6) (end 1 -0.6) (layer F.Fab) (width 0.1))
    (fp_line (start -1 0.6) (end -1 -0.6) (layer F.Fab) (width 0.1))
    (pad 2 smd roundrect (at 1.025 0 270) (size 1.15 1.4) (layers F.Cu F.Paste F.Mask) (roundrect_rratio 0.217391)
      (net 2 GND))
    (pad 1 smd roundrect (at -1.025 0 270) (size 1.15 1.4) (layers F.Cu F.Paste F.Mask) (roundrect_rratio 0.217391)
      (net 3 "Net-(C2-Pad1)"))
    (model ${KISYS3DMOD}/Capacitor_SMD.3dshapes/C_0805_2012Metric.wrl
      (at (xyz 0 0 0))
      (scale (xyz 1 1 1))
      (rotate (xyz 0 0 0))
    )
  )

  (module Capacitor_SMD:C_0805_2012Metric_Pad1.15x1.40mm_HandSolder (layer F.Cu) (tedit 5B36C52B) (tstamp 5E58A81A)
    (at 156.59 79.06 270)
    (descr "Capacitor SMD 0805 (2012 Metric), square (rectangular) end terminal, IPC_7351 nominal with elongated pad for handsoldering. (Body size source: https://docs.google.com/spreadsheets/d/1BsfQQcO9C6DZCsRaXUlFlo91Tg2WpOkGARC1WS5S8t0/edit?usp=sharing), generated with kicad-footprint-generator")
    (tags "capacitor handsolder")
    (path /5E588EC9)
    (attr smd)
    (fp_text reference C3 (at 0 -1.65 90) (layer F.SilkS)
      (effects (font (size 1 1) (thickness 0.15)))
    )
    (fp_text value 160pF (at 0 1.65 90) (layer F.Fab)
      (effects (font (size 1 1) (thickness 0.15)))
    )
    (fp_line (start -1 0.6) (end -1 -0.6) (layer F.Fab) (width 0.1))
    (fp_line (start -1 -0.6) (end 1 -0.6) (layer F.Fab) (width 0.1))
    (fp_line (start 1 -0.6) (end 1 0.6) (layer F.Fab) (width 0.1))
    (fp_line (start 1 0.6) (end -1 0.6) (layer F.Fab) (width 0.1))
    (fp_line (start -0.261252 -0.71) (end 0.261252 -0.71) (layer F.SilkS) (width 0.12))
    (fp_line (start -0.261252 0.71) (end 0.261252 0.71) (layer F.SilkS) (width 0.12))
    (fp_line (start -1.85 0.95) (end -1.85 -0.95) (layer F.CrtYd) (width 0.05))
    (fp_line (start -1.85 -0.95) (end 1.85 -0.95) (layer F.CrtYd) (width 0.05))
    (fp_line (start 1.85 -0.95) (end 1.85 0.95) (layer F.CrtYd) (width 0.05))
    (fp_line (start 1.85 0.95) (end -1.85 0.95) (layer F.CrtYd) (width 0.05))
    (fp_text user %R (at 0 0 90) (layer F.Fab)
      (effects (font (size 0.5 0.5) (thickness 0.08)))
    )
    (pad 1 smd roundrect (at -1.025 0 270) (size 1.15 1.4) (layers F.Cu F.Paste F.Mask) (roundrect_rratio 0.217391)
      (net 4 "Net-(C3-Pad1)"))
    (pad 2 smd roundrect (at 1.025 0 270) (size 1.15 1.4) (layers F.Cu F.Paste F.Mask) (roundrect_rratio 0.217391)
      (net 2 GND))
    (model ${KISYS3DMOD}/Capacitor_SMD.3dshapes/C_0805_2012Metric.wrl
      (at (xyz 0 0 0))
      (scale (xyz 1 1 1))
      (rotate (xyz 0 0 0))
    )
  )

  (module Capacitor_SMD:C_0805_2012Metric_Pad1.15x1.40mm_HandSolder (layer F.Cu) (tedit 5B36C52B) (tstamp 5E58A82B)
    (at 167.07 79.115 270)
    (descr "Capacitor SMD 0805 (2012 Metric), square (rectangular) end terminal, IPC_7351 nominal with elongated pad for handsoldering. (Body size source: https://docs.google.com/spreadsheets/d/1BsfQQcO9C6DZCsRaXUlFlo91Tg2WpOkGARC1WS5S8t0/edit?usp=sharing), generated with kicad-footprint-generator")
    (tags "capacitor handsolder")
    (path /5E5890E1)
    (attr smd)
    (fp_text reference C4 (at 0 -1.65 90) (layer F.SilkS)
      (effects (font (size 1 1) (thickness 0.15)))
    )
    (fp_text value 160pF (at 0 1.65 90) (layer F.Fab)
      (effects (font (size 1 1) (thickness 0.15)))
    )
    (fp_text user %R (at 0 0 90) (layer F.Fab)
      (effects (font (size 0.5 0.5) (thickness 0.08)))
    )
    (fp_line (start 1.85 0.95) (end -1.85 0.95) (layer F.CrtYd) (width 0.05))
    (fp_line (start 1.85 -0.95) (end 1.85 0.95) (layer F.CrtYd) (width 0.05))
    (fp_line (start -1.85 -0.95) (end 1.85 -0.95) (layer F.CrtYd) (width 0.05))
    (fp_line (start -1.85 0.95) (end -1.85 -0.95) (layer F.CrtYd) (width 0.05))
    (fp_line (start -0.261252 0.71) (end 0.261252 0.71) (layer F.SilkS) (width 0.12))
    (fp_line (start -0.261252 -0.71) (end 0.261252 -0.71) (layer F.SilkS) (width 0.12))
    (fp_line (start 1 0.6) (end -1 0.6) (layer F.Fab) (width 0.1))
    (fp_line (start 1 -0.6) (end 1 0.6) (layer F.Fab) (width 0.1))
    (fp_line (start -1 -0.6) (end 1 -0.6) (layer F.Fab) (width 0.1))
    (fp_line (start -1 0.6) (end -1 -0.6) (layer F.Fab) (width 0.1))
    (pad 2 smd roundrect (at 1.025 0 270) (size 1.15 1.4) (layers F.Cu F.Paste F.Mask) (roundrect_rratio 0.217391)
      (net 2 GND))
    (pad 1 smd roundrect (at -1.025 0 270) (size 1.15 1.4) (layers F.Cu F.Paste F.Mask) (roundrect_rratio 0.217391)
      (net 5 "Net-(C4-Pad1)"))
    (model ${KISYS3DMOD}/Capacitor_SMD.3dshapes/C_0805_2012Metric.wrl
      (at (xyz 0 0 0))
      (scale (xyz 1 1 1))
      (rotate (xyz 0 0 0))
    )
  )

  (module Connector_Coaxial:SMA_Amphenol_132289_EdgeMount (layer F.Cu) (tedit 5A1C1810) (tstamp 5E58A84E)
    (at 120.92 78.09 180)
    (descr http://www.amphenolrf.com/132289.html)
    (tags SMA)
    (path /5E584FD6)
    (attr smd)
    (fp_text reference J1 (at -3.96 -3 90) (layer F.SilkS)
      (effects (font (size 1 1) (thickness 0.15)))
    )
    (fp_text value Conn_Coaxial (at 5 6) (layer F.Fab)
      (effects (font (size 1 1) (thickness 0.15)))
    )
    (fp_line (start -3.71 0.25) (end -3.21 0) (layer F.SilkS) (width 0.12))
    (fp_line (start -3.71 -0.25) (end -3.71 0.25) (layer F.SilkS) (width 0.12))
    (fp_line (start -3.21 0) (end -3.71 -0.25) (layer F.SilkS) (width 0.12))
    (fp_line (start 3.54 0) (end 2.54 0.75) (layer F.Fab) (width 0.1))
    (fp_line (start 2.54 -0.75) (end 3.54 0) (layer F.Fab) (width 0.1))
    (fp_text user %R (at 4.79 0 270) (layer F.Fab)
      (effects (font (size 1 1) (thickness 0.15)))
    )
    (fp_line (start 14.47 -5.58) (end -3.04 -5.58) (layer F.CrtYd) (width 0.05))
    (fp_line (start 14.47 -5.58) (end 14.47 5.58) (layer F.CrtYd) (width 0.05))
    (fp_line (start 14.47 5.58) (end -3.04 5.58) (layer F.CrtYd) (width 0.05))
    (fp_line (start -3.04 5.58) (end -3.04 -5.58) (layer F.CrtYd) (width 0.05))
    (fp_line (start 14.47 -5.58) (end -3.04 -5.58) (layer B.CrtYd) (width 0.05))
    (fp_line (start 14.47 -5.58) (end 14.47 5.58) (layer B.CrtYd) (width 0.05))
    (fp_line (start 14.47 5.58) (end -3.04 5.58) (layer B.CrtYd) (width 0.05))
    (fp_line (start -3.04 5.58) (end -3.04 -5.58) (layer B.CrtYd) (width 0.05))
    (fp_line (start 4.445 -3.81) (end 13.97 -3.81) (layer F.Fab) (width 0.1))
    (fp_line (start 13.97 -3.81) (end 13.97 3.81) (layer F.Fab) (width 0.1))
    (fp_line (start 13.97 3.81) (end 4.445 3.81) (layer F.Fab) (width 0.1))
    (fp_line (start 4.445 5.08) (end 4.445 3.81) (layer F.Fab) (width 0.1))
    (fp_line (start 4.445 -3.81) (end 4.445 -5.08) (layer F.Fab) (width 0.1))
    (fp_line (start -1.91 -5.08) (end 4.445 -5.08) (layer F.Fab) (width 0.1))
    (fp_line (start -1.91 -5.08) (end -1.91 -3.81) (layer F.Fab) (width 0.1))
    (fp_line (start -1.91 -3.81) (end 2.54 -3.81) (layer F.Fab) (width 0.1))
    (fp_line (start 2.54 -3.81) (end 2.54 3.81) (layer F.Fab) (width 0.1))
    (fp_line (start 2.54 3.81) (end -1.91 3.81) (layer F.Fab) (width 0.1))
    (fp_line (start -1.91 3.81) (end -1.91 5.08) (layer F.Fab) (width 0.1))
    (fp_line (start -1.91 5.08) (end 4.445 5.08) (layer F.Fab) (width 0.1))
    (pad 2 smd rect (at 0 4.25 270) (size 1.5 5.08) (layers B.Cu B.Paste B.Mask)
      (net 2 GND))
    (pad 2 smd rect (at 0 -4.25 270) (size 1.5 5.08) (layers B.Cu B.Paste B.Mask)
      (net 2 GND))
    (pad 2 smd rect (at 0 4.25 270) (size 1.5 5.08) (layers F.Cu F.Paste F.Mask)
      (net 2 GND))
    (pad 2 smd rect (at 0 -4.25 270) (size 1.5 5.08) (layers F.Cu F.Paste F.Mask)
      (net 2 GND))
    (pad 1 smd rect (at 0 0 270) (size 1.5 5.08) (layers F.Cu F.Paste F.Mask)
      (net 7 "Net-(J1-Pad1)"))
    (model ${KISYS3DMOD}/Connector_Coaxial.3dshapes/SMA_Amphenol_132289_EdgeMount.wrl
      (at (xyz 0 0 0))
      (scale (xyz 1 1 1))
      (rotate (xyz 0 0 0))
    )
  )

  (module Connector_Coaxial:SMA_Amphenol_132289_EdgeMount (layer F.Cu) (tedit 5A1C1810) (tstamp 5E58A871)
    (at 179.52 78.09)
    (descr http://www.amphenolrf.com/132289.html)
    (tags SMA)
    (path /5E585AAA)
    (attr smd)
    (fp_text reference J2 (at -3.96 -3 90) (layer F.SilkS)
      (effects (font (size 1 1) (thickness 0.15)))
    )
    (fp_text value Conn_Coaxial (at 5 6) (layer F.Fab)
      (effects (font (size 1 1) (thickness 0.15)))
    )
    (fp_line (start -1.91 5.08) (end 4.445 5.08) (layer F.Fab) (width 0.1))
    (fp_line (start -1.91 3.81) (end -1.91 5.08) (layer F.Fab) (width 0.1))
    (fp_line (start 2.54 3.81) (end -1.91 3.81) (layer F.Fab) (width 0.1))
    (fp_line (start 2.54 -3.81) (end 2.54 3.81) (layer F.Fab) (width 0.1))
    (fp_line (start -1.91 -3.81) (end 2.54 -3.81) (layer F.Fab) (width 0.1))
    (fp_line (start -1.91 -5.08) (end -1.91 -3.81) (layer F.Fab) (width 0.1))
    (fp_line (start -1.91 -5.08) (end 4.445 -5.08) (layer F.Fab) (width 0.1))
    (fp_line (start 4.445 -3.81) (end 4.445 -5.08) (layer F.Fab) (width 0.1))
    (fp_line (start 4.445 5.08) (end 4.445 3.81) (layer F.Fab) (width 0.1))
    (fp_line (start 13.97 3.81) (end 4.445 3.81) (layer F.Fab) (width 0.1))
    (fp_line (start 13.97 -3.81) (end 13.97 3.81) (layer F.Fab) (width 0.1))
    (fp_line (start 4.445 -3.81) (end 13.97 -3.81) (layer F.Fab) (width 0.1))
    (fp_line (start -3.04 5.58) (end -3.04 -5.58) (layer B.CrtYd) (width 0.05))
    (fp_line (start 14.47 5.58) (end -3.04 5.58) (layer B.CrtYd) (width 0.05))
    (fp_line (start 14.47 -5.58) (end 14.47 5.58) (layer B.CrtYd) (width 0.05))
    (fp_line (start 14.47 -5.58) (end -3.04 -5.58) (layer B.CrtYd) (width 0.05))
    (fp_line (start -3.04 5.58) (end -3.04 -5.58) (layer F.CrtYd) (width 0.05))
    (fp_line (start 14.47 5.58) (end -3.04 5.58) (layer F.CrtYd) (width 0.05))
    (fp_line (start 14.47 -5.58) (end 14.47 5.58) (layer F.CrtYd) (width 0.05))
    (fp_line (start 14.47 -5.58) (end -3.04 -5.58) (layer F.CrtYd) (width 0.05))
    (fp_text user %R (at 4.79 0 270) (layer F.Fab)
      (effects (font (size 1 1) (thickness 0.15)))
    )
    (fp_line (start 2.54 -0.75) (end 3.54 0) (layer F.Fab) (width 0.1))
    (fp_line (start 3.54 0) (end 2.54 0.75) (layer F.Fab) (width 0.1))
    (fp_line (start -3.21 0) (end -3.71 -0.25) (layer F.SilkS) (width 0.12))
    (fp_line (start -3.71 -0.25) (end -3.71 0.25) (layer F.SilkS) (width 0.12))
    (fp_line (start -3.71 0.25) (end -3.21 0) (layer F.SilkS) (width 0.12))
    (pad 1 smd rect (at 0 0 90) (size 1.5 5.08) (layers F.Cu F.Paste F.Mask)
      (net 6 "Net-(J2-Pad1)"))
    (pad 2 smd rect (at 0 -4.25 90) (size 1.5 5.08) (layers F.Cu F.Paste F.Mask)
      (net 2 GND))
    (pad 2 smd rect (at 0 4.25 90) (size 1.5 5.08) (layers F.Cu F.Paste F.Mask)
      (net 2 GND))
    (pad 2 smd rect (at 0 -4.25 90) (size 1.5 5.08) (layers B.Cu B.Paste B.Mask)
      (net 2 GND))
    (pad 2 smd rect (at 0 4.25 90) (size 1.5 5.08) (layers B.Cu B.Paste B.Mask)
      (net 2 GND))
    (model ${KISYS3DMOD}/Connector_Coaxial.3dshapes/SMA_Amphenol_132289_EdgeMount.wrl
      (at (xyz 0 0 0))
      (scale (xyz 1 1 1))
      (rotate (xyz 0 0 0))
    )
  )

  (module Inductor_SMD:L_0805_2012Metric_Pad1.15x1.40mm_HandSolder (layer F.Cu) (tedit 5B36C52B) (tstamp 5E58A882)
    (at 137.945 77.99)
    (descr "Capacitor SMD 0805 (2012 Metric), square (rectangular) end terminal, IPC_7351 nominal with elongated pad for handsoldering. (Body size source: https://docs.google.com/spreadsheets/d/1BsfQQcO9C6DZCsRaXUlFlo91Tg2WpOkGARC1WS5S8t0/edit?usp=sharing), generated with kicad-footprint-generator")
    (tags "inductor handsolder")
    (path /5E586F21)
    (attr smd)
    (fp_text reference L1 (at 0 -1.65) (layer F.SilkS)
      (effects (font (size 1 1) (thickness 0.15)))
    )
    (fp_text value 270nH (at 0 1.65) (layer F.Fab)
      (effects (font (size 1 1) (thickness 0.15)))
    )
    (fp_line (start -1 0.6) (end -1 -0.6) (layer F.Fab) (width 0.1))
    (fp_line (start -1 -0.6) (end 1 -0.6) (layer F.Fab) (width 0.1))
    (fp_line (start 1 -0.6) (end 1 0.6) (layer F.Fab) (width 0.1))
    (fp_line (start 1 0.6) (end -1 0.6) (layer F.Fab) (width 0.1))
    (fp_line (start -0.261252 -0.71) (end 0.261252 -0.71) (layer F.SilkS) (width 0.12))
    (fp_line (start -0.261252 0.71) (end 0.261252 0.71) (layer F.SilkS) (width 0.12))
    (fp_line (start -1.85 0.95) (end -1.85 -0.95) (layer F.CrtYd) (width 0.05))
    (fp_line (start -1.85 -0.95) (end 1.85 -0.95) (layer F.CrtYd) (width 0.05))
    (fp_line (start 1.85 -0.95) (end 1.85 0.95) (layer F.CrtYd) (width 0.05))
    (fp_line (start 1.85 0.95) (end -1.85 0.95) (layer F.CrtYd) (width 0.05))
    (fp_text user %R (at 0 0) (layer F.Fab)
      (effects (font (size 0.5 0.5) (thickness 0.08)))
    )
    (pad 1 smd roundrect (at -1.025 0) (size 1.15 1.4) (layers F.Cu F.Paste F.Mask) (roundrect_rratio 0.217391)
      (net 1 "Net-(C1-Pad1)"))
    (pad 2 smd roundrect (at 1.025 0) (size 1.15 1.4) (layers F.Cu F.Paste F.Mask) (roundrect_rratio 0.217391)
      (net 3 "Net-(C2-Pad1)"))
    (model ${KISYS3DMOD}/Inductor_SMD.3dshapes/L_0805_2012Metric.wrl
      (at (xyz 0 0 0))
      (scale (xyz 1 1 1))
      (rotate (xyz 0 0 0))
    )
  )

  (module Inductor_SMD:L_0805_2012Metric_Pad1.15x1.40mm_HandSolder (layer F.Cu) (tedit 5B36C52B) (tstamp 5E58A893)
    (at 149.735 78.04)
    (descr "Capacitor SMD 0805 (2012 Metric), square (rectangular) end terminal, IPC_7351 nominal with elongated pad for handsoldering. (Body size source: https://docs.google.com/spreadsheets/d/1BsfQQcO9C6DZCsRaXUlFlo91Tg2WpOkGARC1WS5S8t0/edit?usp=sharing), generated with kicad-footprint-generator")
    (tags "inductor handsolder")
    (path /5E58760E)
    (attr smd)
    (fp_text reference L2 (at 0 -1.65) (layer F.SilkS)
      (effects (font (size 1 1) (thickness 0.15)))
    )
    (fp_text value 330nH (at 0 1.65) (layer F.Fab)
      (effects (font (size 1 1) (thickness 0.15)))
    )
    (fp_text user %R (at 0 0) (layer F.Fab)
      (effects (font (size 0.5 0.5) (thickness 0.08)))
    )
    (fp_line (start 1.85 0.95) (end -1.85 0.95) (layer F.CrtYd) (width 0.05))
    (fp_line (start 1.85 -0.95) (end 1.85 0.95) (layer F.CrtYd) (width 0.05))
    (fp_line (start -1.85 -0.95) (end 1.85 -0.95) (layer F.CrtYd) (width 0.05))
    (fp_line (start -1.85 0.95) (end -1.85 -0.95) (layer F.CrtYd) (width 0.05))
    (fp_line (start -0.261252 0.71) (end 0.261252 0.71) (layer F.SilkS) (width 0.12))
    (fp_line (start -0.261252 -0.71) (end 0.261252 -0.71) (layer F.SilkS) (width 0.12))
    (fp_line (start 1 0.6) (end -1 0.6) (layer F.Fab) (width 0.1))
    (fp_line (start 1 -0.6) (end 1 0.6) (layer F.Fab) (width 0.1))
    (fp_line (start -1 -0.6) (end 1 -0.6) (layer F.Fab) (width 0.1))
    (fp_line (start -1 0.6) (end -1 -0.6) (layer F.Fab) (width 0.1))
    (pad 2 smd roundrect (at 1.025 0) (size 1.15 1.4) (layers F.Cu F.Paste F.Mask) (roundrect_rratio 0.217391)
      (net 4 "Net-(C3-Pad1)"))
    (pad 1 smd roundrect (at -1.025 0) (size 1.15 1.4) (layers F.Cu F.Paste F.Mask) (roundrect_rratio 0.217391)
      (net 3 "Net-(C2-Pad1)"))
    (model ${KISYS3DMOD}/Inductor_SMD.3dshapes/L_0805_2012Metric.wrl
      (at (xyz 0 0 0))
      (scale (xyz 1 1 1))
      (rotate (xyz 0 0 0))
    )
  )

  (module Inductor_SMD:L_0805_2012Metric_Pad1.15x1.40mm_HandSolder (layer F.Cu) (tedit 5B36C52B) (tstamp 5E58A8A4)
    (at 160.695 78.07)
    (descr "Capacitor SMD 0805 (2012 Metric), square (rectangular) end terminal, IPC_7351 nominal with elongated pad for handsoldering. (Body size source: https://docs.google.com/spreadsheets/d/1BsfQQcO9C6DZCsRaXUlFlo91Tg2WpOkGARC1WS5S8t0/edit?usp=sharing), generated with kicad-footprint-generator")
    (tags "inductor handsolder")
    (path /5E587795)
    (attr smd)
    (fp_text reference L3 (at 0 -1.65) (layer F.SilkS)
      (effects (font (size 1 1) (thickness 0.15)))
    )
    (fp_text value 270nH (at 0 1.65) (layer F.Fab)
      (effects (font (size 1 1) (thickness 0.15)))
    )
    (fp_line (start -1 0.6) (end -1 -0.6) (layer F.Fab) (width 0.1))
    (fp_line (start -1 -0.6) (end 1 -0.6) (layer F.Fab) (width 0.1))
    (fp_line (start 1 -0.6) (end 1 0.6) (layer F.Fab) (width 0.1))
    (fp_line (start 1 0.6) (end -1 0.6) (layer F.Fab) (width 0.1))
    (fp_line (start -0.261252 -0.71) (end 0.261252 -0.71) (layer F.SilkS) (width 0.12))
    (fp_line (start -0.261252 0.71) (end 0.261252 0.71) (layer F.SilkS) (width 0.12))
    (fp_line (start -1.85 0.95) (end -1.85 -0.95) (layer F.CrtYd) (width 0.05))
    (fp_line (start -1.85 -0.95) (end 1.85 -0.95) (layer F.CrtYd) (width 0.05))
    (fp_line (start 1.85 -0.95) (end 1.85 0.95) (layer F.CrtYd) (width 0.05))
    (fp_line (start 1.85 0.95) (end -1.85 0.95) (layer F.CrtYd) (width 0.05))
    (fp_text user %R (at 0 0) (layer F.Fab)
      (effects (font (size 0.5 0.5) (thickness 0.08)))
    )
    (pad 1 smd roundrect (at -1.025 0) (size 1.15 1.4) (layers F.Cu F.Paste F.Mask) (roundrect_rratio 0.217391)
      (net 4 "Net-(C3-Pad1)"))
    (pad 2 smd roundrect (at 1.025 0) (size 1.15 1.4) (layers F.Cu F.Paste F.Mask) (roundrect_rratio 0.217391)
      (net 5 "Net-(C4-Pad1)"))
    (model ${KISYS3DMOD}/Inductor_SMD.3dshapes/L_0805_2012Metric.wrl
      (at (xyz 0 0 0))
      (scale (xyz 1 1 1))
      (rotate (xyz 0 0 0))
    )
  )

  (module Inductor_SMD:L_0805_2012Metric_Pad1.15x1.40mm_HandSolder (layer F.Cu) (tedit 5B36C52B) (tstamp 5E58ABD5)
    (at 127.895 77.99)
    (descr "Capacitor SMD 0805 (2012 Metric), square (rectangular) end terminal, IPC_7351 nominal with elongated pad for handsoldering. (Body size source: https://docs.google.com/spreadsheets/d/1BsfQQcO9C6DZCsRaXUlFlo91Tg2WpOkGARC1WS5S8t0/edit?usp=sharing), generated with kicad-footprint-generator")
    (tags "inductor handsolder")
    (path /5E58CCA4)
    (attr smd)
    (fp_text reference L4 (at 0 -1.65) (layer F.SilkS)
      (effects (font (size 1 1) (thickness 0.15)))
    )
    (fp_text value shorted (at 0 1.65) (layer F.Fab)
      (effects (font (size 1 1) (thickness 0.15)))
    )
    (fp_line (start -1 0.6) (end -1 -0.6) (layer F.Fab) (width 0.1))
    (fp_line (start -1 -0.6) (end 1 -0.6) (layer F.Fab) (width 0.1))
    (fp_line (start 1 -0.6) (end 1 0.6) (layer F.Fab) (width 0.1))
    (fp_line (start 1 0.6) (end -1 0.6) (layer F.Fab) (width 0.1))
    (fp_line (start -0.261252 -0.71) (end 0.261252 -0.71) (layer F.SilkS) (width 0.12))
    (fp_line (start -0.261252 0.71) (end 0.261252 0.71) (layer F.SilkS) (width 0.12))
    (fp_line (start -1.85 0.95) (end -1.85 -0.95) (layer F.CrtYd) (width 0.05))
    (fp_line (start -1.85 -0.95) (end 1.85 -0.95) (layer F.CrtYd) (width 0.05))
    (fp_line (start 1.85 -0.95) (end 1.85 0.95) (layer F.CrtYd) (width 0.05))
    (fp_line (start 1.85 0.95) (end -1.85 0.95) (layer F.CrtYd) (width 0.05))
    (fp_text user %R (at 0 0) (layer F.Fab)
      (effects (font (size 0.5 0.5) (thickness 0.08)))
    )
    (pad 1 smd roundrect (at -1.025 0) (size 1.15 1.4) (layers F.Cu F.Paste F.Mask) (roundrect_rratio 0.217391)
      (net 7 "Net-(J1-Pad1)"))
    (pad 2 smd roundrect (at 1.025 0) (size 1.15 1.4) (layers F.Cu F.Paste F.Mask) (roundrect_rratio 0.217391)
      (net 1 "Net-(C1-Pad1)"))
    (model ${KISYS3DMOD}/Inductor_SMD.3dshapes/L_0805_2012Metric.wrl
      (at (xyz 0 0 0))
      (scale (xyz 1 1 1))
      (rotate (xyz 0 0 0))
    )
  )

  (module Inductor_SMD:L_0805_2012Metric_Pad1.15x1.40mm_HandSolder (layer F.Cu) (tedit 5B36C52B) (tstamp 5E58ABE6)
    (at 171.195 78.03)
    (descr "Capacitor SMD 0805 (2012 Metric), square (rectangular) end terminal, IPC_7351 nominal with elongated pad for handsoldering. (Body size source: https://docs.google.com/spreadsheets/d/1BsfQQcO9C6DZCsRaXUlFlo91Tg2WpOkGARC1WS5S8t0/edit?usp=sharing), generated with kicad-footprint-generator")
    (tags "inductor handsolder")
    (path /5E58D754)
    (attr smd)
    (fp_text reference L5 (at 0 -1.65) (layer F.SilkS)
      (effects (font (size 1 1) (thickness 0.15)))
    )
    (fp_text value shorted (at 0 1.65) (layer F.Fab)
      (effects (font (size 1 1) (thickness 0.15)))
    )
    (fp_text user %R (at 0 0) (layer F.Fab)
      (effects (font (size 0.5 0.5) (thickness 0.08)))
    )
    (fp_line (start 1.85 0.95) (end -1.85 0.95) (layer F.CrtYd) (width 0.05))
    (fp_line (start 1.85 -0.95) (end 1.85 0.95) (layer F.CrtYd) (width 0.05))
    (fp_line (start -1.85 -0.95) (end 1.85 -0.95) (layer F.CrtYd) (width 0.05))
    (fp_line (start -1.85 0.95) (end -1.85 -0.95) (layer F.CrtYd) (width 0.05))
    (fp_line (start -0.261252 0.71) (end 0.261252 0.71) (layer F.SilkS) (width 0.12))
    (fp_line (start -0.261252 -0.71) (end 0.261252 -0.71) (layer F.SilkS) (width 0.12))
    (fp_line (start 1 0.6) (end -1 0.6) (layer F.Fab) (width 0.1))
    (fp_line (start 1 -0.6) (end 1 0.6) (layer F.Fab) (width 0.1))
    (fp_line (start -1 -0.6) (end 1 -0.6) (layer F.Fab) (width 0.1))
    (fp_line (start -1 0.6) (end -1 -0.6) (layer F.Fab) (width 0.1))
    (pad 2 smd roundrect (at 1.025 0) (size 1.15 1.4) (layers F.Cu F.Paste F.Mask) (roundrect_rratio 0.217391)
      (net 6 "Net-(J2-Pad1)"))
    (pad 1 smd roundrect (at -1.025 0) (size 1.15 1.4) (layers F.Cu F.Paste F.Mask) (roundrect_rratio 0.217391)
      (net 5 "Net-(C4-Pad1)"))
    (model ${KISYS3DMOD}/Inductor_SMD.3dshapes/L_0805_2012Metric.wrl
      (at (xyz 0 0 0))
      (scale (xyz 1 1 1))
      (rotate (xyz 0 0 0))
    )
  )

  (gr_line (start 182.19 72.16) (end 118.3 72.19) (layer Edge.Cuts) (width 0.05))
  (gr_line (start 182.21 84.57) (end 182.19 72.16) (layer Edge.Cuts) (width 0.05))
  (gr_line (start 118.31 84.57) (end 182.21 84.57) (layer Edge.Cuts) (width 0.05))
  (gr_line (start 118.3 72.21) (end 118.31 84.57) (layer Edge.Cuts) (width 0.05))

  (segment (start 129.29 78.05) (end 136.63 78.05) (width 0.25) (layer F.Cu) (net 1))
  (segment (start 127.17 77.98) (end 127.24 78.05) (width 0.25) (layer F.Cu) (net 7))
  (segment (start 120.94 77.98) (end 127.17 77.98) (width 0.25) (layer F.Cu) (net 7) (status 10))
  (segment (start 138.68 78.05) (end 148.555 78.05) (width 0.25) (layer F.Cu) (net 3))
  (segment (start 159.63 78.05) (end 159.66 78.08) (width 0.25) (layer F.Cu) (net 4))
  (segment (start 150.605 78.05) (end 159.63 78.05) (width 0.25) (layer F.Cu) (net 4))
  (segment (start 161.71 78.08) (end 170.35 78.08) (width 0.25) (layer F.Cu) (net 5))
  (segment (start 172.4 78.08) (end 179.38 78.08) (width 0.25) (layer F.Cu) (net 6))

  (zone (net 2) (net_name GND) (layer F.Cu) (tstamp 5E4E101F) (hatch edge 0.508)
    (connect_pads (clearance 0.508))
    (min_thickness 0.254)
    (fill yes (arc_segments 32) (thermal_gap 0.508) (thermal_bridge_width 0.508))
    (polygon
      (pts
        (xy 182.2 84.55) (xy 118.29 84.47) (xy 118.25 72.07) (xy 182.13 72.07)
      )
    )
    (filled_polygon
      (pts
        (xy 126.094528 78.839851) (xy 126.176595 78.993387) (xy 126.287038 79.127962) (xy 126.421613 79.238405) (xy 126.575149 79.320472)
        (xy 126.741745 79.371008) (xy 126.914999 79.388072) (xy 127.565001 79.388072) (xy 127.738255 79.371008) (xy 127.904851 79.320472)
        (xy 128.058387 79.238405) (xy 128.192962 79.127962) (xy 128.265 79.040184) (xy 128.337038 79.127962) (xy 128.471613 79.238405)
        (xy 128.625149 79.320472) (xy 128.791745 79.371008) (xy 128.964999 79.388072) (xy 129.615001 79.388072) (xy 129.788255 79.371008)
        (xy 129.954851 79.320472) (xy 130.108387 79.238405) (xy 130.242962 79.127962) (xy 130.353405 78.993387) (xy 130.435472 78.839851)
        (xy 130.444527 78.81) (xy 131.081077 78.81) (xy 131.101595 78.848387) (xy 131.212038 78.982962) (xy 131.218594 78.988342)
        (xy 131.138815 79.053815) (xy 131.059463 79.150506) (xy 131.000498 79.26082) (xy 130.964188 79.380518) (xy 130.951928 79.505)
        (xy 130.955 79.79425) (xy 131.11375 79.953) (xy 132.163 79.953) (xy 132.163 79.933) (xy 132.417 79.933)
        (xy 132.417 79.953) (xy 133.46625 79.953) (xy 133.625 79.79425) (xy 133.628072 79.505) (xy 133.615812 79.380518)
        (xy 133.579502 79.26082) (xy 133.520537 79.150506) (xy 133.441185 79.053815) (xy 133.361406 78.988342) (xy 133.367962 78.982962)
        (xy 133.478405 78.848387) (xy 133.498923 78.81) (xy 135.475473 78.81) (xy 135.484528 78.839851) (xy 135.566595 78.993387)
        (xy 135.677038 79.127962) (xy 135.811613 79.238405) (xy 135.965149 79.320472) (xy 136.131745 79.371008) (xy 136.304999 79.388072)
        (xy 136.955001 79.388072) (xy 137.128255 79.371008) (xy 137.294851 79.320472) (xy 137.448387 79.238405) (xy 137.582962 79.127962)
        (xy 137.655 79.040184) (xy 137.727038 79.127962) (xy 137.861613 79.238405) (xy 138.015149 79.320472) (xy 138.181745 79.371008)
        (xy 138.354999 79.388072) (xy 139.005001 79.388072) (xy 139.178255 79.371008) (xy 139.344851 79.320472) (xy 139.498387 79.238405)
        (xy 139.632962 79.127962) (xy 139.743405 78.993387) (xy 139.825472 78.839851) (xy 139.834527 78.81) (xy 143.800386 78.81)
        (xy 143.831595 78.868387) (xy 143.942038 79.002962) (xy 143.948594 79.008342) (xy 143.868815 79.073815) (xy 143.789463 79.170506)
        (xy 143.730498 79.28082) (xy 143.694188 79.400518) (xy 143.681928 79.525) (xy 143.685 79.81425) (xy 143.84375 79.973)
        (xy 144.893 79.973) (xy 144.893 79.953) (xy 145.147 79.953) (xy 145.147 79.973) (xy 146.19625 79.973)
        (xy 146.355 79.81425) (xy 146.358072 79.525) (xy 146.345812 79.400518) (xy 146.309502 79.28082) (xy 146.250537 79.170506)
        (xy 146.171185 79.073815) (xy 146.091406 79.008342) (xy 146.097962 79.002962) (xy 146.208405 78.868387) (xy 146.239614 78.81)
        (xy 147.400473 78.81) (xy 147.409528 78.839851) (xy 147.491595 78.993387) (xy 147.602038 79.127962) (xy 147.736613 79.238405)
        (xy 147.890149 79.320472) (xy 148.056745 79.371008) (xy 148.229999 79.388072) (xy 148.880001 79.388072) (xy 149.053255 79.371008)
        (xy 149.219851 79.320472) (xy 149.373387 79.238405) (xy 149.507962 79.127962) (xy 149.58 79.040184) (xy 149.652038 79.127962)
        (xy 149.786613 79.238405) (xy 149.940149 79.320472) (xy 150.106745 79.371008) (xy 150.279999 79.388072) (xy 150.930001 79.388072)
        (xy 151.103255 79.371008) (xy 151.269851 79.320472) (xy 151.423387 79.238405) (xy 151.557962 79.127962) (xy 151.668405 78.993387)
        (xy 151.750472 78.839851) (xy 151.759527 78.81) (xy 154.710386 78.81) (xy 154.741595 78.868387) (xy 154.852038 79.002962)
        (xy 154.858594 79.008342) (xy 154.778815 79.073815) (xy 154.699463 79.170506) (xy 154.640498 79.28082) (xy 154.604188 79.400518)
        (xy 154.591928 79.525) (xy 154.595 79.81425) (xy 154.75375 79.973) (xy 155.803 79.973) (xy 155.803 79.953)
        (xy 156.057 79.953) (xy 156.057 79.973) (xy 157.10625 79.973) (xy 157.265 79.81425) (xy 157.268072 79.525)
        (xy 157.255812 79.400518) (xy 157.219502 79.28082) (xy 157.160537 79.170506) (xy 157.081185 79.073815) (xy 157.001406 79.008342)
        (xy 157.007962 79.002962) (xy 157.118405 78.868387) (xy 157.149614 78.81) (xy 158.496373 78.81) (xy 158.514528 78.869851)
        (xy 158.596595 79.023387) (xy 158.707038 79.157962) (xy 158.841613 79.268405) (xy 158.995149 79.350472) (xy 159.161745 79.401008)
        (xy 159.334999 79.418072) (xy 159.985001 79.418072) (xy 160.158255 79.401008) (xy 160.324851 79.350472) (xy 160.478387 79.268405)
        (xy 160.612962 79.157962) (xy 160.685 79.070184) (xy 160.757038 79.157962) (xy 160.891613 79.268405) (xy 161.045149 79.350472)
        (xy 161.211745 79.401008) (xy 161.384999 79.418072) (xy 162.035001 79.418072) (xy 162.208255 79.401008) (xy 162.374851 79.350472)
        (xy 162.528387 79.268405) (xy 162.662962 79.157962) (xy 162.773405 79.023387) (xy 162.855472 78.869851) (xy 162.864527 78.84)
        (xy 165.335041 78.84) (xy 165.371595 78.908387) (xy 165.482038 79.042962) (xy 165.488594 79.048342) (xy 165.408815 79.113815)
        (xy 165.329463 79.210506) (xy 165.270498 79.32082) (xy 165.234188 79.440518) (xy 165.221928 79.565) (xy 165.225 79.85425)
        (xy 165.38375 80.013) (xy 166.433 80.013) (xy 166.433 79.993) (xy 166.687 79.993) (xy 166.687 80.013)
        (xy 167.73625 80.013) (xy 167.895 79.85425) (xy 167.898072 79.565) (xy 167.885812 79.440518) (xy 167.849502 79.32082)
        (xy 167.790537 79.210506) (xy 167.711185 79.113815) (xy 167.631406 79.048342) (xy 167.637962 79.042962) (xy 167.748405 78.908387)
        (xy 167.784959 78.84) (xy 169.195473 78.84) (xy 169.204528 78.869851) (xy 169.286595 79.023387) (xy 169.397038 79.157962)
        (xy 169.531613 79.268405) (xy 169.685149 79.350472) (xy 169.851745 79.401008) (xy 170.024999 79.418072) (xy 170.675001 79.418072)
        (xy 170.848255 79.401008) (xy 171.014851 79.350472) (xy 171.168387 79.268405) (xy 171.302962 79.157962) (xy 171.375 79.070184)
        (xy 171.447038 79.157962) (xy 171.581613 79.268405) (xy 171.735149 79.350472) (xy 171.901745 79.401008) (xy 172.074999 79.418072)
        (xy 172.725001 79.418072) (xy 172.898255 79.401008) (xy 173.064851 79.350472) (xy 173.218387 79.268405) (xy 173.352962 79.157962)
        (xy 173.463405 79.023387) (xy 173.545472 78.869851) (xy 173.554527 78.84) (xy 176.202913 78.84) (xy 176.214188 78.954482)
        (xy 176.250498 79.07418) (xy 176.309463 79.184494) (xy 176.388815 79.281185) (xy 176.485506 79.360537) (xy 176.59582 79.419502)
        (xy 176.715518 79.455812) (xy 176.84 79.468072) (xy 181.541778 79.468072) (xy 181.544154 80.94244) (xy 179.66575 80.945)
        (xy 179.507 81.10375) (xy 179.507 82.203) (xy 179.527 82.203) (xy 179.527 82.457) (xy 179.507 82.457)
        (xy 179.507 83.55625) (xy 179.66575 83.715) (xy 181.548626 83.717566) (xy 181.548936 83.91) (xy 118.969466 83.91)
        (xy 118.969229 83.617296) (xy 120.65425 83.615) (xy 120.813 83.45625) (xy 120.813 82.357) (xy 121.067 82.357)
        (xy 121.067 83.45625) (xy 121.22575 83.615) (xy 123.48 83.618072) (xy 123.604482 83.605812) (xy 123.72418 83.569502)
        (xy 123.834494 83.510537) (xy 123.931185 83.431185) (xy 124.010537 83.334494) (xy 124.069502 83.22418) (xy 124.105812 83.104482)
        (xy 124.108223 83.08) (xy 176.201928 83.08) (xy 176.214188 83.204482) (xy 176.250498 83.32418) (xy 176.309463 83.434494)
        (xy 176.388815 83.531185) (xy 176.485506 83.610537) (xy 176.59582 83.669502) (xy 176.715518 83.705812) (xy 176.84 83.718072)
        (xy 179.09425 83.715) (xy 179.253 83.55625) (xy 179.253 82.457) (xy 176.36375 82.457) (xy 176.205 82.61575)
        (xy 176.201928 83.08) (xy 124.108223 83.08) (xy 124.118072 82.98) (xy 124.115 82.51575) (xy 123.95625 82.357)
        (xy 121.067 82.357) (xy 120.813 82.357) (xy 120.793 82.357) (xy 120.793 82.103) (xy 120.813 82.103)
        (xy 120.813 81.00375) (xy 121.067 81.00375) (xy 121.067 82.103) (xy 123.95625 82.103) (xy 124.115 81.94425)
        (xy 124.11741 81.58) (xy 176.201928 81.58) (xy 176.205 82.04425) (xy 176.36375 82.203) (xy 179.253 82.203)
        (xy 179.253 81.10375) (xy 179.09425 80.945) (xy 176.84 80.941928) (xy 176.715518 80.954188) (xy 176.59582 80.990498)
        (xy 176.485506 81.049463) (xy 176.388815 81.128815) (xy 176.309463 81.225506) (xy 176.250498 81.33582) (xy 176.214188 81.455518)
        (xy 176.201928 81.58) (xy 124.11741 81.58) (xy 124.118072 81.48) (xy 124.105812 81.355518) (xy 124.069502 81.23582)
        (xy 124.010537 81.125506) (xy 123.931185 81.028815) (xy 123.834494 80.949463) (xy 123.72418 80.890498) (xy 123.604482 80.854188)
        (xy 123.48 80.841928) (xy 121.22575 80.845) (xy 121.067 81.00375) (xy 120.813 81.00375) (xy 120.65425 80.845)
        (xy 118.966984 80.842701) (xy 118.966833 80.655) (xy 130.951928 80.655) (xy 130.964188 80.779482) (xy 131.000498 80.89918)
        (xy 131.059463 81.009494) (xy 131.138815 81.106185) (xy 131.235506 81.185537) (xy 131.34582 81.244502) (xy 131.465518 81.280812)
        (xy 131.59 81.293072) (xy 132.00425 81.29) (xy 132.163 81.13125) (xy 132.163 80.207) (xy 132.417 80.207)
        (xy 132.417 81.13125) (xy 132.57575 81.29) (xy 132.99 81.293072) (xy 133.114482 81.280812) (xy 133.23418 81.244502)
        (xy 133.344494 81.185537) (xy 133.441185 81.106185) (xy 133.520537 81.009494) (xy 133.579502 80.89918) (xy 133.615812 80.779482)
        (xy 133.626102 80.675) (xy 143.681928 80.675) (xy 143.694188 80.799482) (xy 143.730498 80.91918) (xy 143.789463 81.029494)
        (xy 143.868815 81.126185) (xy 143.965506 81.205537) (xy 144.07582 81.264502) (xy 144.195518 81.300812) (xy 144.32 81.313072)
        (xy 144.73425 81.31) (xy 144.893 81.15125) (xy 144.893 80.227) (xy 145.147 80.227) (xy 145.147 81.15125)
        (xy 145.30575 81.31) (xy 145.72 81.313072) (xy 145.844482 81.300812) (xy 145.96418 81.264502) (xy 146.074494 81.205537)
        (xy 146.171185 81.126185) (xy 146.250537 81.029494) (xy 146.309502 80.91918) (xy 146.345812 80.799482) (xy 146.358072 80.675)
        (xy 154.591928 80.675) (xy 154.604188 80.799482) (xy 154.640498 80.91918) (xy 154.699463 81.029494) (xy 154.778815 81.126185)
        (xy 154.875506 81.205537) (xy 154.98582 81.264502) (xy 155.105518 81.300812) (xy 155.23 81.313072) (xy 155.64425 81.31)
        (xy 155.803 81.15125) (xy 155.803 80.227) (xy 156.057 80.227) (xy 156.057 81.15125) (xy 156.21575 81.31)
        (xy 156.63 81.313072) (xy 156.754482 81.300812) (xy 156.87418 81.264502) (xy 156.984494 81.205537) (xy 157.081185 81.126185)
        (xy 157.160537 81.029494) (xy 157.219502 80.91918) (xy 157.255812 80.799482) (xy 157.264132 80.715) (xy 165.221928 80.715)
        (xy 165.234188 80.839482) (xy 165.270498 80.95918) (xy 165.329463 81.069494) (xy 165.408815 81.166185) (xy 165.505506 81.245537)
        (xy 165.61582 81.304502) (xy 165.735518 81.340812) (xy 165.86 81.353072) (xy 166.27425 81.35) (xy 166.433 81.19125)
        (xy 166.433 80.267) (xy 166.687 80.267) (xy 166.687 81.19125) (xy 166.84575 81.35) (xy 167.26 81.353072)
        (xy 167.384482 81.340812) (xy 167.50418 81.304502) (xy 167.614494 81.245537) (xy 167.711185 81.166185) (xy 167.790537 81.069494)
