(kicad_pcb (version 20171130) (host pcbnew "(6.0.0-rc1-dev-305-gf0b8b21)")

  (general
    (thickness 1.6)
    (drawings 0)
    (tracks 46)
    (zones 0)
    (modules 16)
    (nets 20)
  )

  (page A4)
  (layers
    (0 F.Cu signal)
    (31 B.Cu signal)
    (32 B.Adhes user)
    (33 F.Adhes user)
    (34 B.Paste user)
    (35 F.Paste user)
    (36 B.SilkS user)
    (37 F.SilkS user)
    (38 B.Mask user)
    (39 F.Mask user)
    (40 Dwgs.User user)
    (41 Cmts.User user)
    (42 Eco1.User user)
    (43 Eco2.User user)
    (44 Edge.Cuts user)
    (45 Margin user)
    (46 B.CrtYd user)
    (47 F.CrtYd user)
    (48 B.Fab user)
    (49 F.Fab user)
  )

  (setup
    (last_trace_width 0.25)
    (trace_clearance 0.2)
    (zone_clearance 0.508)
    (zone_45_only no)
    (trace_min 0.2)
    (via_size 0.8)
    (via_drill 0.4)
    (via_min_size 0.4)
    (via_min_drill 0.3)
    (uvia_size 0.3)
    (uvia_drill 0.1)
    (uvias_allowed no)
    (uvia_min_size 0.2)
    (uvia_min_drill 0.1)
    (edge_width 0.05)
    (segment_width 0.2)
    (pcb_text_width 0.3)
    (pcb_text_size 1.5 1.5)
    (mod_edge_width 0.12)
    (mod_text_size 1 1)
    (mod_text_width 0.15)
    (pad_size 2.25 2.25)
    (pad_drill 1.5)
    (pad_to_mask_clearance 0.2)
    (aux_axis_origin 0 0)
    (visible_elements FFFFFF7F)
    (pcbplotparams
      (layerselection 0x010fc_ffffffff)
      (usegerberextensions false)
      (usegerberattributes false)
      (usegerberadvancedattributes false)
      (creategerberjobfile false)
      (excludeedgelayer true)
      (linewidth 0.100000)
      (plotframeref false)
      (viasonmask false)
      (mode 1)
      (useauxorigin false)
      (hpglpennumber 1)
      (hpglpenspeed 20)
      (hpglpendiameter 15.000000)
      (psnegative false)
      (psa4output false)
      (plotreference true)
      (plotvalue true)
      (plotinvisibletext false)
      (padsonsilk false)
      (subtractmaskfromsilk false)
      (outputformat 1)
      (mirror false)
      (drillshape 1)
      (scaleselection 1)
      (outputdirectory ""))
  )

  (net 0 "")
  (net 1 GND)
  (net 2 "Net-(C1-Pad2)")
  (net 3 "Net-(C2-Pad1)")
  (net 4 "Net-(C3-Pad2)")
  (net 5 "Net-(C4-Pad1)")
  (net 6 "Net-(J2-Pad1)")
  (net 7 "Net-(U1-Pad2)")
  (net 8 "Net-(U1-Pad6)")
  (net 9 "Net-(U1-Pad4)")
  (net 10 "Net-(U1-Pad5)")
  (net 11 "Net-(U2-Pad5)")
  (net 12 "Net-(U2-Pad4)")
  (net 13 "Net-(U2-Pad6)")
  (net 14 "Net-(U2-Pad2)")
  (net 15 "Net-(U3-Pad2)")
  (net 16 "Net-(U3-Pad6)")
  (net 17 "Net-(U3-Pad4)")
  (net 18 "Net-(U3-Pad5)")
  (net 19 "Net-(U4-Pad2)")

  (net_class Default "This is the default net class."
    (clearance 0.2)
    (trace_width 0.25)
    (via_dia 0.8)
    (via_drill 0.4)
    (uvia_dia 0.3)
    (uvia_drill 0.1)
    (add_net GND)
    (add_net "Net-(C1-Pad2)")
    (add_net "Net-(C2-Pad1)")
    (add_net "Net-(C3-Pad2)")
    (add_net "Net-(C4-Pad1)")
    (add_net "Net-(J2-Pad1)")
    (add_net "Net-(U1-Pad2)")
    (add_net "Net-(U1-Pad4)")
    (add_net "Net-(U1-Pad5)")
    (add_net "Net-(U1-Pad6)")
    (add_net "Net-(U2-Pad2)")
    (add_net "Net-(U2-Pad4)")
    (add_net "Net-(U2-Pad5)")
    (add_net "Net-(U2-Pad6)")
    (add_net "Net-(U3-Pad2)")
    (add_net "Net-(U3-Pad4)")
    (add_net "Net-(U3-Pad5)")
    (add_net "Net-(U3-Pad6)")
    (add_net "Net-(U4-Pad2)")
  )

  (module Capacitor_SMD:C_0805_2012Metric_Pad1.15x1.40mm_HandSolder (layer F.Cu) (tedit 5B36C52B) (tstamp 5E3ADC5D)
    (at 126.746 41.411 270)
    (descr "Capacitor SMD 0805 (2012 Metric), square (rectangular) end terminal, IPC_7351 nominal with elongated pad for handsoldering. (Body size source: https://docs.google.com/spreadsheets/d/1BsfQQcO9C6DZCsRaXUlFlo91Tg2WpOkGARC1WS5S8t0/edit?usp=sharing), generated with kicad-footprint-generator")
    (tags "capacitor handsolder")
    (path /5E39F60A)
    (attr smd)
    (fp_text reference C1 (at 0 -1.65 270) (layer F.SilkS)
      (effects (font (size 1 1) (thickness 0.15)))
    )
    (fp_text value C (at 0 1.65 270) (layer F.Fab)
      (effects (font (size 1 1) (thickness 0.15)))
    )
    (fp_line (start -1 0.6) (end -1 -0.6) (layer F.Fab) (width 0.1))
    (fp_line (start -1 -0.6) (end 1 -0.6) (layer F.Fab) (width 0.1))
    (fp_line (start 1 -0.6) (end 1 0.6) (layer F.Fab) (width 0.1))
    (fp_line (start 1 0.6) (end -1 0.6) (layer F.Fab) (width 0.1))
    (fp_line (start -0.261252 -0.71) (end 0.261252 -0.71) (layer F.SilkS) (width 0.12))
    (fp_line (start -0.261252 0.71) (end 0.261252 0.71) (layer F.SilkS) (width 0.12))
    (fp_line (start -1.85 0.95) (end -1.85 -0.95) (layer F.CrtYd) (width 0.05))
    (fp_line (start -1.85 -0.95) (end 1.85 -0.95) (layer F.CrtYd) (width 0.05))
    (fp_line (start 1.85 -0.95) (end 1.85 0.95) (layer F.CrtYd) (width 0.05))
    (fp_line (start 1.85 0.95) (end -1.85 0.95) (layer F.CrtYd) (width 0.05))
    (fp_text user %R (at 0 0 270) (layer F.Fab)
      (effects (font (size 0.5 0.5) (thickness 0.08)))
    )
    (pad 1 smd roundrect (at -1.025 0 270) (size 1.15 1.4) (layers F.Cu F.Paste F.Mask) (roundrect_rratio 0.217391)
      (net 1 GND))
    (pad 2 smd roundrect (at 1.025 0 270) (size 1.15 1.4) (layers F.Cu F.Paste F.Mask) (roundrect_rratio 0.217391)
      (net 2 "Net-(C1-Pad2)"))
    (model ${KISYS3DMOD}/Capacitor_SMD.3dshapes/C_0805_2012Metric.wrl
      (at (xyz 0 0 0))
      (scale (xyz 1 1 1))
      (rotate (xyz 0 0 0))
    )
  )

  (module Capacitor_SMD:C_0805_2012Metric_Pad1.15x1.40mm_HandSolder (layer F.Cu) (tedit 5B36C52B) (tstamp 5E3ADC6E)
    (at 142.104 42.418 180)
    (descr "Capacitor SMD 0805 (2012 Metric), square (rectangular) end terminal, IPC_7351 nominal with elongated pad for handsoldering. (Body size source: https://docs.google.com/spreadsheets/d/1BsfQQcO9C6DZCsRaXUlFlo91Tg2WpOkGARC1WS5S8t0/edit?usp=sharing), generated with kicad-footprint-generator")
    (tags "capacitor handsolder")
    (path /5E39F6F7)
    (attr smd)
    (fp_text reference C2 (at 0 -1.65 180) (layer F.SilkS)
      (effects (font (size 1 1) (thickness 0.15)))
    )
    (fp_text value C (at 0 1.65 180) (layer F.Fab)
      (effects (font (size 1 1) (thickness 0.15)))
    )
    (fp_text user %R (at 0 0 180) (layer F.Fab)
      (effects (font (size 0.5 0.5) (thickness 0.08)))
    )
    (fp_line (start 1.85 0.95) (end -1.85 0.95) (layer F.CrtYd) (width 0.05))
    (fp_line (start 1.85 -0.95) (end 1.85 0.95) (layer F.CrtYd) (width 0.05))
    (fp_line (start -1.85 -0.95) (end 1.85 -0.95) (layer F.CrtYd) (width 0.05))
    (fp_line (start -1.85 0.95) (end -1.85 -0.95) (layer F.CrtYd) (width 0.05))
    (fp_line (start -0.261252 0.71) (end 0.261252 0.71) (layer F.SilkS) (width 0.12))
    (fp_line (start -0.261252 -0.71) (end 0.261252 -0.71) (layer F.SilkS) (width 0.12))
    (fp_line (start 1 0.6) (end -1 0.6) (layer F.Fab) (width 0.1))
    (fp_line (start 1 -0.6) (end 1 0.6) (layer F.Fab) (width 0.1))
    (fp_line (start -1 -0.6) (end 1 -0.6) (layer F.Fab) (width 0.1))
    (fp_line (start -1 0.6) (end -1 -0.6) (layer F.Fab) (width 0.1))
    (pad 2 smd roundrect (at 1.025 0 180) (size 1.15 1.4) (layers F.Cu F.Paste F.Mask) (roundrect_rratio 0.217391)
      (net 2 "Net-(C1-Pad2)"))
    (pad 1 smd roundrect (at -1.025 0 180) (size 1.15 1.4) (layers F.Cu F.Paste F.Mask) (roundrect_rratio 0.217391)
      (net 3 "Net-(C2-Pad1)"))
    (model ${KISYS3DMOD}/Capacitor_SMD.3dshapes/C_0805_2012Metric.wrl
      (at (xyz 0 0 0))
      (scale (xyz 1 1 1))
      (rotate (xyz 0 0 0))
    )
  )

  (module Capacitor_SMD:C_0805_2012Metric_Pad1.15x1.40mm_HandSolder (layer F.Cu) (tedit 5B36C52B) (tstamp 5E3ADC7F)
    (at 160.02 48.65 180)
    (descr "Capacitor SMD 0805 (2012 Metric), square (rectangular) end terminal, IPC_7351 nominal with elongated pad for handsoldering. (Body size source: https://docs.google.com/spreadsheets/d/1BsfQQcO9C6DZCsRaXUlFlo91Tg2WpOkGARC1WS5S8t0/edit?usp=sharing), generated with kicad-footprint-generator")
    (tags "capacitor handsolder")
    (path /5E39F754)
    (attr smd)
    (fp_text reference C3 (at 0 -1.65 180) (layer F.SilkS)
      (effects (font (size 1 1) (thickness 0.15)))
    )
    (fp_text value C (at 0 1.65 180) (layer F.Fab)
      (effects (font (size 1 1) (thickness 0.15)))
    )
    (fp_text user %R (at 0 0 180) (layer F.Fab)
      (effects (font (size 0.5 0.5) (thickness 0.08)))
    )
    (fp_line (start 1.85 0.95) (end -1.85 0.95) (layer F.CrtYd) (width 0.05))
    (fp_line (start 1.85 -0.95) (end 1.85 0.95) (layer F.CrtYd) (width 0.05))
    (fp_line (start -1.85 -0.95) (end 1.85 -0.95) (layer F.CrtYd) (width 0.05))
    (fp_line (start -1.85 0.95) (end -1.85 -0.95) (layer F.CrtYd) (width 0.05))
    (fp_line (start -0.261252 0.71) (end 0.261252 0.71) (layer F.SilkS) (width 0.12))
    (fp_line (start -0.261252 -0.71) (end 0.261252 -0.71) (layer F.SilkS) (width 0.12))
    (fp_line (start 1 0.6) (end -1 0.6) (layer F.Fab) (width 0.1))
    (fp_line (start 1 -0.6) (end 1 0.6) (layer F.Fab) (width 0.1))
    (fp_line (start -1 -0.6) (end 1 -0.6) (layer F.Fab) (width 0.1))
    (fp_line (start -1 0.6) (end -1 -0.6) (layer F.Fab) (width 0.1))
    (pad 2 smd roundrect (at 1.025 0 180) (size 1.15 1.4) (layers F.Cu F.Paste F.Mask) (roundrect_rratio 0.217391)
      (net 4 "Net-(C3-Pad2)"))
    (pad 1 smd roundrect (at -1.025 0 180) (size 1.15 1.4) (layers F.Cu F.Paste F.Mask) (roundrect_rratio 0.217391)
      (net 1 GND))
    (model ${KISYS3DMOD}/Capacitor_SMD.3dshapes/C_0805_2012Metric.wrl
      (at (xyz 0 0 0))
      (scale (xyz 1 1 1))
      (rotate (xyz 0 0 0))
    )
  )

  (module Capacitor_SMD:C_0805_2012Metric_Pad1.15x1.40mm_HandSolder (layer F.Cu) (tedit 5B36C52B) (tstamp 5E3ADC90)
    (at 160.011 42.291 180)
    (descr "Capacitor SMD 0805 (2012 Metric), square (rectangular) end terminal, IPC_7351 nominal with elongated pad for handsoldering. (Body size source: https://docs.google.com/spreadsheets/d/1BsfQQcO9C6DZCsRaXUlFlo91Tg2WpOkGARC1WS5S8t0/edit?usp=sharing), generated with kicad-footprint-generator")
    (tags "capacitor handsolder")
    (path /5E39F7F9)
    (attr smd)
    (fp_text reference C4 (at 0 -1.65 180) (layer F.SilkS)
      (effects (font (size 1 1) (thickness 0.15)))
    )
    (fp_text value C (at 0 1.65 180) (layer F.Fab)
      (effects (font (size 1 1) (thickness 0.15)))
    )
    (fp_line (start -1 0.6) (end -1 -0.6) (layer F.Fab) (width 0.1))
    (fp_line (start -1 -0.6) (end 1 -0.6) (layer F.Fab) (width 0.1))
    (fp_line (start 1 -0.6) (end 1 0.6) (layer F.Fab) (width 0.1))
    (fp_line (start 1 0.6) (end -1 0.6) (layer F.Fab) (width 0.1))
    (fp_line (start -0.261252 -0.71) (end 0.261252 -0.71) (layer F.SilkS) (width 0.12))
    (fp_line (start -0.261252 0.71) (end 0.261252 0.71) (layer F.SilkS) (width 0.12))
    (fp_line (start -1.85 0.95) (end -1.85 -0.95) (layer F.CrtYd) (width 0.05))
    (fp_line (start -1.85 -0.95) (end 1.85 -0.95) (layer F.CrtYd) (width 0.05))
    (fp_line (start 1.85 -0.95) (end 1.85 0.95) (layer F.CrtYd) (width 0.05))
    (fp_line (start 1.85 0.95) (end -1.85 0.95) (layer F.CrtYd) (width 0.05))
    (fp_text user %R (at 0 0 180) (layer F.Fab)
      (effects (font (size 0.5 0.5) (thickness 0.08)))
    )
    (pad 1 smd roundrect (at -1.025 0 180) (size 1.15 1.4) (layers F.Cu F.Paste F.Mask) (roundrect_rratio 0.217391)
      (net 5 "Net-(C4-Pad1)"))
    (pad 2 smd roundrect (at 1.025 0 180) (size 1.15 1.4) (layers F.Cu F.Paste F.Mask) (roundrect_rratio 0.217391)
      (net 4 "Net-(C3-Pad2)"))
    (model ${KISYS3DMOD}/Capacitor_SMD.3dshapes/C_0805_2012Metric.wrl
      (at (xyz 0 0 0))
      (scale (xyz 1 1 1))
      (rotate (xyz 0 0 0))
    )
  )

  (module Connector_Coaxial:SMA_Amphenol_132289_EdgeMount (layer F.Cu) (tedit 5A1C1810) (tstamp 5E3ADCB3)
    (at 118.364 42.545 180)
    (descr http://www.amphenolrf.com/132289.html)
    (tags SMA)
    (path /5E39F9DD)
    (attr smd)
    (fp_text reference J1 (at -3.96 -3 270) (layer F.SilkS)
      (effects (font (size 1 1) (thickness 0.15)))
    )
    (fp_text value Conn_Coaxial (at 5 6 180) (layer F.Fab)
      (effects (font (size 1 1) (thickness 0.15)))
    )
    (fp_line (start -1.91 5.08) (end 4.445 5.08) (layer F.Fab) (width 0.1))
    (fp_line (start -1.91 3.81) (end -1.91 5.08) (layer F.Fab) (width 0.1))
    (fp_line (start 2.54 3.81) (end -1.91 3.81) (layer F.Fab) (width 0.1))
    (fp_line (start 2.54 -3.81) (end 2.54 3.81) (layer F.Fab) (width 0.1))
    (fp_line (start -1.91 -3.81) (end 2.54 -3.81) (layer F.Fab) (width 0.1))
    (fp_line (start -1.91 -5.08) (end -1.91 -3.81) (layer F.Fab) (width 0.1))
    (fp_line (start -1.91 -5.08) (end 4.445 -5.08) (layer F.Fab) (width 0.1))
    (fp_line (start 4.445 -3.81) (end 4.445 -5.08) (layer F.Fab) (width 0.1))
    (fp_line (start 4.445 5.08) (end 4.445 3.81) (layer F.Fab) (width 0.1))
    (fp_line (start 13.97 3.81) (end 4.445 3.81) (layer F.Fab) (width 0.1))
    (fp_line (start 13.97 -3.81) (end 13.97 3.81) (layer F.Fab) (width 0.1))
    (fp_line (start 4.445 -3.81) (end 13.97 -3.81) (layer F.Fab) (width 0.1))
    (fp_line (start -3.04 5.58) (end -3.04 -5.58) (layer B.CrtYd) (width 0.05))
    (fp_line (start 14.47 5.58) (end -3.04 5.58) (layer B.CrtYd) (width 0.05))
    (fp_line (start 14.47 -5.58) (end 14.47 5.58) (layer B.CrtYd) (width 0.05))
    (fp_line (start 14.47 -5.58) (end -3.04 -5.58) (layer B.CrtYd) (width 0.05))
    (fp_line (start -3.04 5.58) (end -3.04 -5.58) (layer F.CrtYd) (width 0.05))
    (fp_line (start 14.47 5.58) (end -3.04 5.58) (layer F.CrtYd) (width 0.05))
    (fp_line (start 14.47 -5.58) (end 14.47 5.58) (layer F.CrtYd) (width 0.05))
    (fp_line (start 14.47 -5.58) (end -3.04 -5.58) (layer F.CrtYd) (width 0.05))
    (fp_text user %R (at 4.79 0 90) (layer F.Fab)
      (effects (font (size 1 1) (thickness 0.15)))
    )
    (fp_line (start 2.54 -0.75) (end 3.54 0) (layer F.Fab) (width 0.1))
    (fp_line (start 3.54 0) (end 2.54 0.75) (layer F.Fab) (width 0.1))
    (fp_line (start -3.21 0) (end -3.71 -0.25) (layer F.SilkS) (width 0.12))
    (fp_line (start -3.71 -0.25) (end -3.71 0.25) (layer F.SilkS) (width 0.12))
    (fp_line (start -3.71 0.25) (end -3.21 0) (layer F.SilkS) (width 0.12))
    (pad 1 smd rect (at 0 0 270) (size 1.5 5.08) (layers F.Cu F.Paste F.Mask)
      (net 2 "Net-(C1-Pad2)"))
    (pad 2 smd rect (at 0 -4.25 270) (size 1.5 5.08) (layers F.Cu F.Paste F.Mask)
      (net 1 GND))
    (pad 2 smd rect (at 0 4.25 270) (size 1.5 5.08) (layers F.Cu F.Paste F.Mask)
      (net 1 GND))
    (pad 2 smd rect (at 0 -4.25 270) (size 1.5 5.08) (layers B.Cu B.Paste B.Mask)
      (net 1 GND))
    (pad 2 smd rect (at 0 4.25 270) (size 1.5 5.08) (layers B.Cu B.Paste B.Mask)
      (net 1 GND))
    (model ${KISYS3DMOD}/Connector_Coaxial.3dshapes/SMA_Amphenol_132289_EdgeMount.wrl
      (at (xyz 0 0 0))
      (scale (xyz 1 1 1))
      (rotate (xyz 0 0 0))
    )
  )

  (module Connector_Coaxial:SMA_Amphenol_132289_EdgeMount (layer F.Cu) (tedit 5A1C1810) (tstamp 5E3ADCD6)
    (at 180.086 42.418)
    (descr http://www.amphenolrf.com/132289.html)
    (tags SMA)
    (path /5E39F96B)
    (attr smd)
    (fp_text reference J2 (at -3.96 -3 90) (layer F.SilkS)
      (effects (font (size 1 1) (thickness 0.15)))
    )
    (fp_text value Conn_Coaxial (at 5 6) (layer F.Fab)
      (effects (font (size 1 1) (thickness 0.15)))
    )
    (fp_line (start -3.71 0.25) (end -3.21 0) (layer F.SilkS) (width 0.12))
    (fp_line (start -3.71 -0.25) (end -3.71 0.25) (layer F.SilkS) (width 0.12))
    (fp_line (start -3.21 0) (end -3.71 -0.25) (layer F.SilkS) (width 0.12))
    (fp_line (start 3.54 0) (end 2.54 0.75) (layer F.Fab) (width 0.1))
    (fp_line (start 2.54 -0.75) (end 3.54 0) (layer F.Fab) (width 0.1))
    (fp_text user %R (at 4.79 0 270) (layer F.Fab)
      (effects (font (size 1 1) (thickness 0.15)))
    )
    (fp_line (start 14.47 -5.58) (end -3.04 -5.58) (layer F.CrtYd) (width 0.05))
    (fp_line (start 14.47 -5.58) (end 14.47 5.58) (layer F.CrtYd) (width 0.05))
    (fp_line (start 14.47 5.58) (end -3.04 5.58) (layer F.CrtYd) (width 0.05))
    (fp_line (start -3.04 5.58) (end -3.04 -5.58) (layer F.CrtYd) (width 0.05))
    (fp_line (start 14.47 -5.58) (end -3.04 -5.58) (layer B.CrtYd) (width 0.05))
    (fp_line (start 14.47 -5.58) (end 14.47 5.58) (layer B.CrtYd) (width 0.05))
    (fp_line (start 14.47 5.58) (end -3.04 5.58) (layer B.CrtYd) (width 0.05))
    (fp_line (start -3.04 5.58) (end -3.04 -5.58) (layer B.CrtYd) (width 0.05))
    (fp_line (start 4.445 -3.81) (end 13.97 -3.81) (layer F.Fab) (width 0.1))
    (fp_line (start 13.97 -3.81) (end 13.97 3.81) (layer F.Fab) (width 0.1))
    (fp_line (start 13.97 3.81) (end 4.445 3.81) (layer F.Fab) (width 0.1))
    (fp_line (start 4.445 5.08) (end 4.445 3.81) (layer F.Fab) (width 0.1))
    (fp_line (start 4.445 -3.81) (end 4.445 -5.08) (layer F.Fab) (width 0.1))
    (fp_line (start -1.91 -5.08) (end 4.445 -5.08) (layer F.Fab) (width 0.1))
    (fp_line (start -1.91 -5.08) (end -1.91 -3.81) (layer F.Fab) (width 0.1))
    (fp_line (start -1.91 -3.81) (end 2.54 -3.81) (layer F.Fab) (width 0.1))
    (fp_line (start 2.54 -3.81) (end 2.54 3.81) (layer F.Fab) (width 0.1))
    (fp_line (start 2.54 3.81) (end -1.91 3.81) (layer F.Fab) (width 0.1))
    (fp_line (start -1.91 3.81) (end -1.91 5.08) (layer F.Fab) (width 0.1))
    (fp_line (start -1.91 5.08) (end 4.445 5.08) (layer F.Fab) (width 0.1))
    (pad 2 smd rect (at 0 4.25 90) (size 1.5 5.08) (layers B.Cu B.Paste B.Mask)
      (net 1 GND))
    (pad 2 smd rect (at 0 -4.25 90) (size 1.5 5.08) (layers B.Cu B.Paste B.Mask)
      (net 1 GND))
    (pad 2 smd rect (at 0 4.25 90) (size 1.5 5.08) (layers F.Cu F.Paste F.Mask)
      (net 1 GND))
    (pad 2 smd rect (at 0 -4.25 90) (size 1.5 5.08) (layers F.Cu F.Paste F.Mask)
      (net 1 GND))
    (pad 1 smd rect (at 0 0 90) (size 1.5 5.08) (layers F.Cu F.Paste F.Mask)
      (net 6 "Net-(J2-Pad1)"))
    (model ${KISYS3DMOD}/Connector_Coaxial.3dshapes/SMA_Amphenol_132289_EdgeMount.wrl
      (at (xyz 0 0 0))
      (scale (xyz 1 1 1))
      (rotate (xyz 0 0 0))
    )
  )

  (module LT:IND_trimmer_7M3 (layer F.Cu) (tedit 5E3A09D3) (tstamp 5E3ADCE6)
    (at 131.953 34.925 180)
    (path /5E3A02D0)
    (fp_text reference U1 (at -8.7122 -4.2672 180) (layer F.SilkS)
      (effects (font (size 1 1) (thickness 0.15)))
    )
    (fp_text value LM3-IND (at -5.9436 -5.9182 180) (layer F.Fab)
      (effects (font (size 1 1) (thickness 0.15)))
    )
    (fp_line (start 0 -3.81) (end -3.81 -3.81) (layer F.CrtYd) (width 0.12))
    (fp_line (start -3.81 -3.81) (end -3.81 3.81) (layer F.CrtYd) (width 0.12))
    (fp_line (start -3.81 3.81) (end 3.81 3.81) (layer F.CrtYd) (width 0.12))
    (fp_line (start 3.81 3.81) (end 3.81 -3.81) (layer F.CrtYd) (width 0.12))
    (fp_line (start 3.81 -3.81) (end 0 -3.81) (layer F.CrtYd) (width 0.12))
    (pad 2 thru_hole circle (at 0 -2.25 180) (size 1.75 1.75) (drill 1) (layers *.Cu *.Mask)
      (net 7 "Net-(U1-Pad2)"))
    (pad 6 thru_hole circle (at -2.25 2.25 180) (size 1.75 1.75) (drill 1) (layers *.Cu *.Mask)
      (net 8 "Net-(U1-Pad6)"))
    (pad 1 thru_hole circle (at -2.25 -2.25 180) (size 1.75 1.75) (drill 1) (layers *.Cu *.Mask)
      (net 2 "Net-(C1-Pad2)"))
    (pad 3 thru_hole circle (at 2.25 -2.25 180) (size 1.75 1.75) (drill 1) (layers *.Cu *.Mask)
      (net 1 GND))
    (pad 4 thru_hole circle (at 2.25 2.25 180) (size 1.75 1.75) (drill 1) (layers *.Cu *.Mask)
      (net 9 "Net-(U1-Pad4)"))
    (pad 5 thru_hole circle (at -3.62 0 180) (size 2.25 2.25) (drill 1.5) (layers *.Cu *.Mask))
    (pad 5 thru_hole circle (at 3.62 0 180) (size 2.25 2.25) (drill 1.5) (layers *.Cu *.Mask)
      (net 10 "Net-(U1-Pad5)"))
  )

  (module LT:IND_trimmer_7M3 (layer F.Cu) (tedit 5E3A09CD) (tstamp 5E3ADCF6)
    (at 149.606 48.006)
    (path /5E3A0C86)
    (fp_text reference U2 (at -8.7122 -4.2672) (layer F.SilkS)
      (effects (font (size 1 1) (thickness 0.15)))
    )
    (fp_text value LM3-IND (at -5.9436 -5.9182) (layer F.Fab)
      (effects (font (size 1 1) (thickness 0.15)))
    )
    (fp_line (start 3.81 -3.81) (end 0 -3.81) (layer F.CrtYd) (width 0.12))
    (fp_line (start 3.81 3.81) (end 3.81 -3.81) (layer F.CrtYd) (width 0.12))
    (fp_line (start -3.81 3.81) (end 3.81 3.81) (layer F.CrtYd) (width 0.12))
    (fp_line (start -3.81 -3.81) (end -3.81 3.81) (layer F.CrtYd) (width 0.12))
    (fp_line (start 0 -3.81) (end -3.81 -3.81) (layer F.CrtYd) (width 0.12))
    (pad 5 thru_hole circle (at 3.62 0) (size 2.25 2.25) (drill 1.5) (layers *.Cu *.Mask))
    (pad 5 thru_hole circle (at -3.62 0) (size 2.25 2.25) (drill 1.5) (layers *.Cu *.Mask)
      (net 11 "Net-(U2-Pad5)"))
    (pad 4 thru_hole circle (at 2.25 2.25) (size 1.75 1.75) (drill 1) (layers *.Cu *.Mask)
      (net 12 "Net-(U2-Pad4)"))
    (pad 3 thru_hole circle (at 2.25 -2.25) (size 1.75 1.75) (drill 1) (layers *.Cu *.Mask)
      (net 4 "Net-(C3-Pad2)"))
    (pad 1 thru_hole circle (at -2.25 -2.25) (size 1.75 1.75) (drill 1) (layers *.Cu *.Mask)
      (net 3 "Net-(C2-Pad1)"))
    (pad 6 thru_hole circle (at -2.25 2.25) (size 1.75 1.75) (drill 1) (layers *.Cu *.Mask)
      (net 13 "Net-(U2-Pad6)"))
    (pad 2 thru_hole circle (at 0 -2.25) (size 1.75 1.75) (drill 1) (layers *.Cu *.Mask)
      (net 14 "Net-(U2-Pad2)"))
  )

  (module LT:IND_trimmer_7M3 (layer F.Cu) (tedit 5E3A09C8) (tstamp 5E3AEE82)
    (at 161.163 54.483)
    (path /5E3A14E4)
    (fp_text reference U3 (at -8.7122 -4.2672) (layer F.SilkS)
      (effects (font (size 1 1) (thickness 0.15)))
    )
    (fp_text value LM3-IND (at -5.9436 -5.9182) (layer F.Fab)
      (effects (font (size 1 1) (thickness 0.15)))
    )
    (fp_line (start 0 -3.81) (end -3.81 -3.81) (layer F.CrtYd) (width 0.12))
    (fp_line (start -3.81 -3.81) (end -3.81 3.81) (layer F.CrtYd) (width 0.12))
    (fp_line (start -3.81 3.81) (end 3.81 3.81) (layer F.CrtYd) (width 0.12))
    (fp_line (start 3.81 3.81) (end 3.81 -3.81) (layer F.CrtYd) (width 0.12))
    (fp_line (start 3.81 -3.81) (end 0 -3.81) (layer F.CrtYd) (width 0.12))
    (pad 2 thru_hole circle (at 0 -2.25) (size 1.75 1.75) (drill 1) (layers *.Cu *.Mask)
      (net 15 "Net-(U3-Pad2)"))
    (pad 6 thru_hole circle (at -2.25 2.25) (size 1.75 1.75) (drill 1) (layers *.Cu *.Mask)
      (net 16 "Net-(U3-Pad6)"))
    (pad 1 thru_hole circle (at -2.25 -2.25) (size 1.75 1.75) (drill 1) (layers *.Cu *.Mask)
      (net 4 "Net-(C3-Pad2)"))
    (pad 3 thru_hole circle (at 2.25 -2.25) (size 1.75 1.75) (drill 1) (layers *.Cu *.Mask)
      (net 1 GND))
    (pad 4 thru_hole circle (at 2.25 2.25) (size 1.75 1.75) (drill 1) (layers *.Cu *.Mask)
      (net 17 "Net-(U3-Pad4)"))
    (pad 5 thru_hole circle (at -3.62 0) (size 2.25 2.25) (drill 1.5) (layers *.Cu *.Mask)
      (net 18 "Net-(U3-Pad5)"))
    (pad 5 thru_hole circle (at 3.62 0) (size 2.25 2.25) (drill 1.5) (layers *.Cu *.Mask))
  )

  (module LT:IND_trimmer_7M3 (layer F.Cu) (tedit 5E3A0768) (tstamp 5E3ADD16)
    (at 170.307 44.704)
    (path /5E3A1CA8)
    (fp_text reference U4 (at -8.7122 -4.2672) (layer F.SilkS)
      (effects (font (size 1 1) (thickness 0.15)))
    )
    (fp_text value LM3-IND (at -5.9436 -5.9182) (layer F.Fab)
      (effects (font (size 1 1) (thickness 0.15)))
    )
    (fp_line (start 3.81 -3.81) (end 0 -3.81) (layer F.CrtYd) (width 0.12))
    (fp_line (start 3.81 3.81) (end 3.81 -3.81) (layer F.CrtYd) (width 0.12))
    (fp_line (start -3.81 3.81) (end 3.81 3.81) (layer F.CrtYd) (width 0.12))
    (fp_line (start -3.81 -3.81) (end -3.81 3.81) (layer F.CrtYd) (width 0.12))
    (fp_line (start 0 -3.81) (end -3.81 -3.81) (layer F.CrtYd) (width 0.12))
    (pad 5 thru_hole circle (at 3.62 0) (size 2.25 2.25) (drill 1.5) (layers *.Cu *.Mask))
    (pad 5 thru_hole circle (at -3.62 0) (size 2.25 2.25) (drill 1.5) (layers *.Cu *.Mask))
    (pad 4 thru_hole circle (at 2.25 2.25) (size 1.75 1.75) (drill 1) (layers *.Cu *.Mask))
    (pad 3 thru_hole circle (at 2.25 -2.25) (size 1.75 1.75) (drill 1) (layers *.Cu *.Mask)
      (net 6 "Net-(J2-Pad1)"))
    (pad 1 thru_hole circle (at -2.25 -2.25) (size 1.75 1.75) (drill 1) (layers *.Cu *.Mask)
      (net 5 "Net-(C4-Pad1)"))
    (pad 6 thru_hole circle (at -2.25 2.25) (size 1.75 1.75) (drill 1) (layers *.Cu *.Mask))
    (pad 2 thru_hole circle (at 0 -2.25) (size 1.75 1.75) (drill 1) (layers *.Cu *.Mask)
      (net 19 "Net-(U4-Pad2)"))
  )

  (module "Connector_PinHeader_2.54mm:Variable Capacitor" (layer F.Cu) (tedit 5E20EA9C) (tstamp 5E3AE302)
    (at 142.484348 37.719 180)
    (path /5E3AA00C)
    (fp_text reference C_trimmer1 (at 0 7.62 180) (layer F.SilkS)
      (effects (font (size 1 1) (thickness 0.15)))
    )
    (fp_text value C_Variable (at 0 5.08 180) (layer F.Fab)
      (effects (font (size 1 1) (thickness 0.15)))
    )
    (fp_poly (pts (xy -1.016 -1.0795) (xy -1.016 1.0795) (xy 1.778 1.0795) (xy 1.778 -1.0795)) (layer F.SilkS) (width 0.15))
    (pad 1 smd rect (at -2.516124 0 180) (size 1.778 1.778) (layers F.Cu F.Paste F.Mask)
      (net 3 "Net-(C2-Pad1)"))
    (pad 2 smd rect (at 3.419348 0 180) (size 1.778 1.778) (layers F.Cu F.Paste F.Mask)
      (net 2 "Net-(C1-Pad2)"))
  )

  (module "Connector_PinHeader_2.54mm:Variable Capacitor" (layer F.Cu) (tedit 5E20EA9C) (tstamp 5E3AE309)
    (at 160.424876 39.37 180)
    (path /5E3AB6DB)
    (fp_text reference C_trimmer2 (at 0 7.62 180) (layer F.SilkS)
      (effects (font (size 1 1) (thickness 0.15)))
    )
    (fp_text value C_Variable (at 0 5.08 180) (layer F.Fab)
      (effects (font (size 1 1) (thickness 0.15)))
    )
    (fp_poly (pts (xy -1.016 -1.0795) (xy -1.016 1.0795) (xy 1.778 1.0795) (xy 1.778 -1.0795)) (layer F.SilkS) (width 0.15))
    (pad 2 smd rect (at 3.419348 0 180) (size 1.778 1.778) (layers F.Cu F.Paste F.Mask)
      (net 4 "Net-(C3-Pad2)"))
    (pad 1 smd rect (at -2.516124 0 180) (size 1.778 1.778) (layers F.Cu F.Paste F.Mask)
      (net 5 "Net-(C4-Pad1)"))
  )

  (module Inductor_SMD:L_0805_2012Metric_Pad1.15x1.40mm_HandSolder (layer F.Cu) (tedit 5B36C52B) (tstamp 5E3AE31A)
    (at 129.413 41.411 270)
    (descr "Capacitor SMD 0805 (2012 Metric), square (rectangular) end terminal, IPC_7351 nominal with elongated pad for handsoldering. (Body size source: https://docs.google.com/spreadsheets/d/1BsfQQcO9C6DZCsRaXUlFlo91Tg2WpOkGARC1WS5S8t0/edit?usp=sharing), generated with kicad-footprint-generator")
    (tags "inductor handsolder")
    (path /5E3A581B)
    (attr smd)
    (fp_text reference L1 (at 0 -1.65 270) (layer F.SilkS)
      (effects (font (size 1 1) (thickness 0.15)))
    )
    (fp_text value L_hold1 (at 0 1.65 270) (layer F.Fab)
      (effects (font (size 1 1) (thickness 0.15)))
    )
    (fp_line (start -1 0.6) (end -1 -0.6) (layer F.Fab) (width 0.1))
    (fp_line (start -1 -0.6) (end 1 -0.6) (layer F.Fab) (width 0.1))
    (fp_line (start 1 -0.6) (end 1 0.6) (layer F.Fab) (width 0.1))
    (fp_line (start 1 0.6) (end -1 0.6) (layer F.Fab) (width 0.1))
    (fp_line (start -0.261252 -0.71) (end 0.261252 -0.71) (layer F.SilkS) (width 0.12))
    (fp_line (start -0.261252 0.71) (end 0.261252 0.71) (layer F.SilkS) (width 0.12))
    (fp_line (start -1.85 0.95) (end -1.85 -0.95) (layer F.CrtYd) (width 0.05))
    (fp_line (start -1.85 -0.95) (end 1.85 -0.95) (layer F.CrtYd) (width 0.05))
    (fp_line (start 1.85 -0.95) (end 1.85 0.95) (layer F.CrtYd) (width 0.05))
    (fp_line (start 1.85 0.95) (end -1.85 0.95) (layer F.CrtYd) (width 0.05))
    (fp_text user %R (at 0 0 270) (layer F.Fab)
      (effects (font (size 0.5 0.5) (thickness 0.08)))
    )
    (pad 1 smd roundrect (at -1.025 0 270) (size 1.15 1.4) (layers F.Cu F.Paste F.Mask) (roundrect_rratio 0.217391)
      (net 1 GND))
    (pad 2 smd roundrect (at 1.025 0 270) (size 1.15 1.4) (layers F.Cu F.Paste F.Mask) (roundrect_rratio 0.217391)
      (net 2 "Net-(C1-Pad2)"))
    (model ${KISYS3DMOD}/Inductor_SMD.3dshapes/L_0805_2012Metric.wrl
      (at (xyz 0 0 0))
      (scale (xyz 1 1 1))
      (rotate (xyz 0 0 0))
    )
  )

  (module Inductor_SMD:L_0805_2012Metric_Pad1.15x1.40mm_HandSolder (layer F.Cu) (tedit 5B36C52B) (tstamp 5E3AE32B)
    (at 160.011 45.72 180)
    (descr "Capacitor SMD 0805 (2012 Metric), square (rectangular) end terminal, IPC_7351 nominal with elongated pad for handsoldering. (Body size source: https://docs.google.com/spreadsheets/d/1BsfQQcO9C6DZCsRaXUlFlo91Tg2WpOkGARC1WS5S8t0/edit?usp=sharing), generated with kicad-footprint-generator")
    (tags "inductor handsolder")
    (path /5E3A5EF8)
    (attr smd)
    (fp_text reference L2 (at 0 -1.65 180) (layer F.SilkS)
      (effects (font (size 1 1) (thickness 0.15)))
    )
    (fp_text value L_hold2 (at 0 1.65 180) (layer F.Fab)
      (effects (font (size 1 1) (thickness 0.15)))
    )
    (fp_text user %R (at 0 0 180) (layer F.Fab)
      (effects (font (size 0.5 0.5) (thickness 0.08)))
    )
    (fp_line (start 1.85 0.95) (end -1.85 0.95) (layer F.CrtYd) (width 0.05))
    (fp_line (start 1.85 -0.95) (end 1.85 0.95) (layer F.CrtYd) (width 0.05))
    (fp_line (start -1.85 -0.95) (end 1.85 -0.95) (layer F.CrtYd) (width 0.05))
    (fp_line (start -1.85 0.95) (end -1.85 -0.95) (layer F.CrtYd) (width 0.05))
    (fp_line (start -0.261252 0.71) (end 0.261252 0.71) (layer F.SilkS) (width 0.12))
    (fp_line (start -0.261252 -0.71) (end 0.261252 -0.71) (layer F.SilkS) (width 0.12))
    (fp_line (start 1 0.6) (end -1 0.6) (layer F.Fab) (width 0.1))
    (fp_line (start 1 -0.6) (end 1 0.6) (layer F.Fab) (width 0.1))
    (fp_line (start -1 -0.6) (end 1 -0.6) (layer F.Fab) (width 0.1))
    (fp_line (start -1 0.6) (end -1 -0.6) (layer F.Fab) (width 0.1))
    (pad 2 smd roundrect (at 1.025 0 180) (size 1.15 1.4) (layers F.Cu F.Paste F.Mask) (roundrect_rratio 0.217391)
      (net 4 "Net-(C3-Pad2)"))
    (pad 1 smd roundrect (at -1.025 0 180) (size 1.15 1.4) (layers F.Cu F.Paste F.Mask) (roundrect_rratio 0.217391)
      (net 1 GND))
    (model ${KISYS3DMOD}/Inductor_SMD.3dshapes/L_0805_2012Metric.wrl
      (at (xyz 0 0 0))
      (scale (xyz 1 1 1))
      (rotate (xyz 0 0 0))
    )
  )

  (module Inductor_SMD:L_0805_2012Metric_Pad1.15x1.40mm_HandSolder (layer F.Cu) (tedit 5B36C52B) (tstamp 5E3AE33C)
    (at 170.171 38.1)
    (descr "Capacitor SMD 0805 (2012 Metric), square (rectangular) end terminal, IPC_7351 nominal with elongated pad for handsoldering. (Body size source: https://docs.google.com/spreadsheets/d/1BsfQQcO9C6DZCsRaXUlFlo91Tg2WpOkGARC1WS5S8t0/edit?usp=sharing), generated with kicad-footprint-generator")
    (tags "inductor handsolder")
    (path /5E3A7E30)
    (attr smd)
    (fp_text reference L3 (at 0 -1.65) (layer F.SilkS)
      (effects (font (size 1 1) (thickness 0.15)))
    )
    (fp_text value L_hold3 (at 0 1.65) (layer F.Fab)
      (effects (font (size 1 1) (thickness 0.15)))
    )
    (fp_line (start -1 0.6) (end -1 -0.6) (layer F.Fab) (width 0.1))
    (fp_line (start -1 -0.6) (end 1 -0.6) (layer F.Fab) (width 0.1))
    (fp_line (start 1 -0.6) (end 1 0.6) (layer F.Fab) (width 0.1))
    (fp_line (start 1 0.6) (end -1 0.6) (layer F.Fab) (width 0.1))
    (fp_line (start -0.261252 -0.71) (end 0.261252 -0.71) (layer F.SilkS) (width 0.12))
    (fp_line (start -0.261252 0.71) (end 0.261252 0.71) (layer F.SilkS) (width 0.12))
    (fp_line (start -1.85 0.95) (end -1.85 -0.95) (layer F.CrtYd) (width 0.05))
    (fp_line (start -1.85 -0.95) (end 1.85 -0.95) (layer F.CrtYd) (width 0.05))
    (fp_line (start 1.85 -0.95) (end 1.85 0.95) (layer F.CrtYd) (width 0.05))
    (fp_line (start 1.85 0.95) (end -1.85 0.95) (layer F.CrtYd) (width 0.05))
    (fp_text user %R (at 0 0) (layer F.Fab)
      (effects (font (size 0.5 0.5) (thickness 0.08)))
    )
    (pad 1 smd roundrect (at -1.025 0) (size 1.15 1.4) (layers F.Cu F.Paste F.Mask) (roundrect_rratio 0.217391)
      (net 5 "Net-(C4-Pad1)"))
    (pad 2 smd roundrect (at 1.025 0) (size 1.15 1.4) (layers F.Cu F.Paste F.Mask) (roundrect_rratio 0.217391)
      (net 6 "Net-(J2-Pad1)"))
    (model ${KISYS3DMOD}/Inductor_SMD.3dshapes/L_0805_2012Metric.wrl
      (at (xyz 0 0 0))
      (scale (xyz 1 1 1))
      (rotate (xyz 0 0 0))
    )
  )

  (module Inductor_SMD:L_0805_2012Metric_Pad1.15x1.40mm_HandSolder (layer F.Cu) (tedit 5B36C52B) (tstamp 5E3AEED0)
    (at 149.597 42.418)
    (descr "Capacitor SMD 0805 (2012 Metric), square (rectangular) end terminal, IPC_7351 nominal with elongated pad for handsoldering. (Body size source: https://docs.google.com/spreadsheets/d/1BsfQQcO9C6DZCsRaXUlFlo91Tg2WpOkGARC1WS5S8t0/edit?usp=sharing), generated with kicad-footprint-generator")
    (tags "inductor handsolder")
    (path /5E3AC496)
    (attr smd)
    (fp_text reference L4 (at 0 -1.65) (layer F.SilkS)
      (effects (font (size 1 1) (thickness 0.15)))
    )
    (fp_text value L_hold1.5 (at 0 1.65) (layer F.Fab)
      (effects (font (size 1 1) (thickness 0.15)))
    )
    (fp_line (start -1 0.6) (end -1 -0.6) (layer F.Fab) (width 0.1))
    (fp_line (start -1 -0.6) (end 1 -0.6) (layer F.Fab) (width 0.1))
    (fp_line (start 1 -0.6) (end 1 0.6) (layer F.Fab) (width 0.1))
    (fp_line (start 1 0.6) (end -1 0.6) (layer F.Fab) (width 0.1))
    (fp_line (start -0.261252 -0.71) (end 0.261252 -0.71) (layer F.SilkS) (width 0.12))
    (fp_line (start -0.261252 0.71) (end 0.261252 0.71) (layer F.SilkS) (width 0.12))
    (fp_line (start -1.85 0.95) (end -1.85 -0.95) (layer F.CrtYd) (width 0.05))
    (fp_line (start -1.85 -0.95) (end 1.85 -0.95) (layer F.CrtYd) (width 0.05))
    (fp_line (start 1.85 -0.95) (end 1.85 0.95) (layer F.CrtYd) (width 0.05))
    (fp_line (start 1.85 0.95) (end -1.85 0.95) (layer F.CrtYd) (width 0.05))
    (fp_text user %R (at 0 0) (layer F.Fab)
      (effects (font (size 0.5 0.5) (thickness 0.08)))
    )
    (pad 1 smd roundrect (at -1.025 0) (size 1.15 1.4) (layers F.Cu F.Paste F.Mask) (roundrect_rratio 0.217391)
      (net 3 "Net-(C2-Pad1)"))
    (pad 2 smd roundrect (at 1.025 0) (size 1.15 1.4) (layers F.Cu F.Paste F.Mask) (roundrect_rratio 0.217391)
      (net 4 "Net-(C3-Pad2)"))
    (model ${KISYS3DMOD}/Inductor_SMD.3dshapes/L_0805_2012Metric.wrl
      (at (xyz 0 0 0))
      (scale (xyz 1 1 1))
      (rotate (xyz 0 0 0))
    )
  )

  (segment (start 118.364 42.545) (end 125.857 42.545) (width 0.25) (layer F.Cu) (net 2))
  (segment (start 125.857 42.545) (end 129.667 42.545) (width 0.25) (layer F.Cu) (net 2))
  (segment (start 118.364 42.545) (end 120.154 42.545) (width 0.25) (layer F.Cu) (net 2))
  (segment (start 134.203 37.646) (end 134.203 37.175) (width 0.25) (layer F.Cu) (net 2))
  (segment (start 129.413 42.436) (end 134.203 37.646) (width 0.25) (layer F.Cu) (net 2))
  (segment (start 134.747 37.719) (end 134.203 37.175) (width 0.25) (layer F.Cu) (net 2))
  (segment (start 139.065 37.719) (end 134.747 37.719) (width 0.25) (layer F.Cu) (net 2))
  (segment (start 141.061 42.436) (end 141.079 42.418) (width 0.25) (layer F.Cu) (net 2))
  (segment (start 129.413 42.436) (end 141.061 42.436) (width 0.25) (layer F.Cu) (net 2))
  (segment (start 139.065 40.404) (end 141.079 42.418) (width 0.25) (layer F.Cu) (net 2))
  (segment (start 139.065 37.719) (end 139.065 40.404) (width 0.25) (layer F.Cu) (net 2))
  (segment (start 144.018 42.418) (end 147.356 45.756) (width 0.25) (layer F.Cu) (net 3))
  (segment (start 143.129 42.418) (end 144.018 42.418) (width 0.25) (layer F.Cu) (net 3))
  (segment (start 143.129 42.418) (end 148.572 42.418) (width 0.25) (layer F.Cu) (net 3))
  (segment (start 145.000472 40.546528) (end 143.129 42.418) (width 0.25) (layer F.Cu) (net 3))
  (segment (start 145.000472 37.719) (end 145.000472 40.546528) (width 0.25) (layer F.Cu) (net 3))
  (segment (start 158.95 42.327) (end 158.986 42.291) (width 0.25) (layer F.Cu) (net 4))
  (segment (start 158.986 48.641) (end 158.995 48.65) (width 0.25) (layer F.Cu) (net 4))
  (segment (start 158.995 52.151) (end 158.913 52.233) (width 0.25) (layer F.Cu) (net 4))
  (segment (start 158.995 48.65) (end 158.995 52.151) (width 0.25) (layer F.Cu) (net 4))
  (segment (start 158.859 42.418) (end 158.986 42.291) (width 0.25) (layer F.Cu) (net 4))
  (segment (start 151.856 45.756) (end 155.194 42.418) (width 0.25) (layer F.Cu) (net 4))
  (segment (start 158.986 45.72) (end 158.986 44.92) (width 0.25) (layer F.Cu) (net 4))
  (segment (start 156.591 42.418) (end 158.859 42.418) (width 0.25) (layer F.Cu) (net 4))
  (segment (start 155.194 42.418) (end 156.591 42.418) (width 0.25) (layer F.Cu) (net 4))
  (segment (start 158.995 45.729) (end 158.986 45.72) (width 0.25) (layer F.Cu) (net 4))
  (segment (start 158.995 48.65) (end 158.995 45.729) (width 0.25) (layer F.Cu) (net 4))
  (segment (start 155.096528 42.418) (end 154.94 42.418) (width 0.25) (layer F.Cu) (net 4))
  (segment (start 157.005528 40.509) (end 155.096528 42.418) (width 0.25) (layer F.Cu) (net 4))
  (segment (start 157.005528 39.37) (end 157.005528 40.509) (width 0.25) (layer F.Cu) (net 4))
  (segment (start 154.94 42.418) (end 155.194 42.418) (width 0.25) (layer F.Cu) (net 4))
  (segment (start 150.622 42.418) (end 154.94 42.418) (width 0.25) (layer F.Cu) (net 4))
  (segment (start 158.986 42.291) (end 158.986 45.72) (width 0.25) (layer F.Cu) (net 4))
  (segment (start 167.894 42.291) (end 168.057 42.454) (width 0.25) (layer F.Cu) (net 5))
  (segment (start 164.955 42.291) (end 169.146 38.1) (width 0.25) (layer F.Cu) (net 5))
  (segment (start 163.449 42.291) (end 164.955 42.291) (width 0.25) (layer F.Cu) (net 5))
  (segment (start 161.036 42.291) (end 163.449 42.291) (width 0.25) (layer F.Cu) (net 5))
  (segment (start 164.723 42.291) (end 164.973 42.291) (width 0.25) (layer F.Cu) (net 5))
  (segment (start 164.973 42.291) (end 167.894 42.291) (width 0.25) (layer F.Cu) (net 5))
  (segment (start 162.941 40.509) (end 164.723 42.291) (width 0.25) (layer F.Cu) (net 5))
  (segment (start 162.941 39.37) (end 162.941 40.509) (width 0.25) (layer F.Cu) (net 5))
  (segment (start 163.449 42.291) (end 164.973 42.291) (width 0.25) (layer F.Cu) (net 5))
  (segment (start 172.593 42.418) (end 172.557 42.454) (width 0.25) (layer F.Cu) (net 6))
  (segment (start 180.086 42.418) (end 172.593 42.418) (width 0.25) (layer F.Cu) (net 6))
  (segment (start 172.557 39.461) (end 171.196 38.1) (width 0.25) (layer F.Cu) (net 6))
  (segment (start 172.557 42.454) (end 172.557 39.461) (width 0.25) (layer F.Cu) (net 6))

  (zone (net 1) (net_name GND) (layer F.Cu) (tstamp 5E3AFA22) (hatch edge 0.508)
    (connect_pads (clearance 0.508))
    (min_thickness 0.254)
    (fill yes (arc_segments 16) (thermal_gap 0.508) (thermal_bridge_width 0.508))
    (polygon
      (pts
        (xy 114.681 25.781) (xy 114.681 60.071) (xy 183.261 60.071) (xy 183.261 25.781)
      )
    )
    (filled_polygon
      (pts
        (xy 183.134 37.027975) (xy 182.985699 36.879673) (xy 182.75231 36.783) (xy 180.37175 36.783) (xy 180.213 36.94175)
        (xy 180.213 38.041) (xy 180.233 38.041) (xy 180.233 38.295) (xy 180.213 38.295) (xy 180.213 39.39425)
        (xy 180.37175 39.553) (xy 182.75231 39.553) (xy 182.985699 39.456327) (xy 183.134 39.308025) (xy 183.134 41.285307)
        (xy 183.083809 41.210191) (xy 182.873765 41.069843) (xy 182.626 41.02056) (xy 177.546 41.02056) (xy 177.298235 41.069843)
        (xy 177.088191 41.210191) (xy 176.947843 41.420235) (xy 176.900549 41.658) (xy 173.861698 41.658) (xy 173.837116 41.598654)
        (xy 173.412346 41.173884) (xy 173.317 41.13439) (xy 173.317 39.535848) (xy 173.331888 39.461) (xy 173.317 39.386152)
        (xy 173.317 39.386148) (xy 173.272904 39.164463) (xy 173.272904 39.164462) (xy 173.147329 38.976527) (xy 173.104929 38.913071)
        (xy 173.041473 38.870671) (xy 172.624552 38.45375) (xy 176.911 38.45375) (xy 176.911 39.044309) (xy 177.007673 39.277698)
        (xy 177.186301 39.456327) (xy 177.41969 39.553) (xy 179.80025 39.553) (xy 179.959 39.39425) (xy 179.959 38.295)
        (xy 177.06975 38.295) (xy 176.911 38.45375) (xy 172.624552 38.45375) (xy 172.41844 38.247638) (xy 172.41844 37.649999)
        (xy 172.350127 37.306564) (xy 172.34019 37.291691) (xy 176.911 37.291691) (xy 176.911 37.88225) (xy 177.06975 38.041)
        (xy 179.959 38.041) (xy 179.959 36.94175) (xy 179.80025 36.783) (xy 177.41969 36.783) (xy 177.186301 36.879673)
