(kicad_pcb (version 20171130) (host pcbnew "(6.0.0-rc1-dev-305-gf0b8b21)")

  (general
    (thickness 1.6)
    (drawings 4)
    (tracks 43)
    (zones 0)
    (modules 16)
    (nets 19)
  )

  (page A4)
  (layers
    (0 F.Cu signal)
    (31 B.Cu signal)
    (32 B.Adhes user)
    (33 F.Adhes user)
    (34 B.Paste user)
    (35 F.Paste user)
    (36 B.SilkS user)
    (37 F.SilkS user)
    (38 B.Mask user)
    (39 F.Mask user)
    (40 Dwgs.User user)
    (41 Cmts.User user)
    (42 Eco1.User user)
    (43 Eco2.User user)
    (44 Edge.Cuts user)
    (45 Margin user)
    (46 B.CrtYd user)
    (47 F.CrtYd user)
    (48 B.Fab user)
    (49 F.Fab user)
  )

  (setup
    (last_trace_width 0.25)
    (trace_clearance 0.2)
    (zone_clearance 0.508)
    (zone_45_only no)
    (trace_min 0.2)
    (via_size 0.8)
    (via_drill 0.4)
    (via_min_size 0.4)
    (via_min_drill 0.3)
    (uvia_size 0.3)
    (uvia_drill 0.1)
    (uvias_allowed no)
    (uvia_min_size 0.2)
    (uvia_min_drill 0.1)
    (edge_width 0.05)
    (segment_width 0.2)
    (pcb_text_width 0.3)
    (pcb_text_size 1.5 1.5)
    (mod_edge_width 0.12)
    (mod_text_size 1 1)
    (mod_text_width 0.15)
    (pad_size 2.25 2.25)
    (pad_drill 1.5)
    (pad_to_mask_clearance 0.2)
    (aux_axis_origin 0 0)
    (visible_elements FFFFFF7F)
    (pcbplotparams
      (layerselection 0x01000_7fffffff)
      (usegerberextensions false)
      (usegerberattributes false)
      (usegerberadvancedattributes false)
      (creategerberjobfile false)
      (excludeedgelayer true)
      (linewidth 0.100000)
      (plotframeref false)
      (viasonmask false)
      (mode 1)
      (useauxorigin false)
      (hpglpennumber 1)
      (hpglpenspeed 20)
      (hpglpendiameter 15.000000)
      (psnegative false)
      (psa4output false)
      (plotreference true)
      (plotvalue true)
      (plotinvisibletext false)
      (padsonsilk false)
      (subtractmaskfromsilk false)
      (outputformat 1)
      (mirror false)
      (drillshape 0)
      (scaleselection 1)
      (outputdirectory "../../../../../../../../../../../../../Volumes/USB30FD/Conner/29.4 MHz Bandpass Filter/Variable Inductors/"))
  )

  (net 0 "")
  (net 1 GND)
  (net 2 "Net-(C1-Pad2)")
  (net 3 "Net-(C2-Pad1)")
  (net 4 "Net-(C3-Pad2)")
  (net 5 "Net-(U1-Pad2)")
  (net 6 "Net-(U1-Pad6)")
  (net 7 "Net-(U1-Pad4)")
  (net 8 "Net-(U1-Pad5)")
  (net 9 "Net-(U2-Pad5)")
  (net 10 "Net-(U2-Pad4)")
  (net 11 "Net-(U2-Pad6)")
  (net 12 "Net-(U2-Pad2)")
  (net 13 "Net-(U3-Pad6)")
  (net 14 "Net-(U3-Pad5)")
  (net 15 "Net-(U4-Pad2)")
  (net 16 "Net-(U4-Pad5)")
  (net 17 "Net-(U4-Pad4)")
  (net 18 "Net-(U4-Pad6)")

  (net_class Default "This is the default net class."
    (clearance 0.2)
    (trace_width 0.25)
    (via_dia 0.8)
    (via_drill 0.4)
    (uvia_dia 0.3)
    (uvia_drill 0.1)
    (add_net GND)
    (add_net "Net-(C1-Pad2)")
    (add_net "Net-(C2-Pad1)")
    (add_net "Net-(C3-Pad2)")
    (add_net "Net-(U1-Pad2)")
    (add_net "Net-(U1-Pad4)")
    (add_net "Net-(U1-Pad5)")
    (add_net "Net-(U1-Pad6)")
    (add_net "Net-(U2-Pad2)")
    (add_net "Net-(U2-Pad4)")
    (add_net "Net-(U2-Pad5)")
    (add_net "Net-(U2-Pad6)")
    (add_net "Net-(U3-Pad5)")
    (add_net "Net-(U3-Pad6)")
    (add_net "Net-(U4-Pad2)")
    (add_net "Net-(U4-Pad4)")
    (add_net "Net-(U4-Pad5)")
    (add_net "Net-(U4-Pad6)")
  )

  (module Capacitor_SMD:C_0805_2012Metric_Pad1.15x1.40mm_HandSolder (layer F.Cu) (tedit 5B36C52B) (tstamp 5E3ADC5D)
    (at 126.746 41.411 270)
    (descr "Capacitor SMD 0805 (2012 Metric), square (rectangular) end terminal, IPC_7351 nominal with elongated pad for handsoldering. (Body size source: https://docs.google.com/spreadsheets/d/1BsfQQcO9C6DZCsRaXUlFlo91Tg2WpOkGARC1WS5S8t0/edit?usp=sharing), generated with kicad-footprint-generator")
    (tags "capacitor handsolder")
    (path /5E39F60A)
    (attr smd)
    (fp_text reference C1 (at 0 -1.65 270) (layer F.SilkS)
      (effects (font (size 1 1) (thickness 0.15)))
    )
    (fp_text value C (at 0 1.65 270) (layer F.Fab)
      (effects (font (size 1 1) (thickness 0.15)))
    )
    (fp_line (start -1 0.6) (end -1 -0.6) (layer F.Fab) (width 0.1))
    (fp_line (start -1 -0.6) (end 1 -0.6) (layer F.Fab) (width 0.1))
    (fp_line (start 1 -0.6) (end 1 0.6) (layer F.Fab) (width 0.1))
    (fp_line (start 1 0.6) (end -1 0.6) (layer F.Fab) (width 0.1))
    (fp_line (start -0.261252 -0.71) (end 0.261252 -0.71) (layer F.SilkS) (width 0.12))
    (fp_line (start -0.261252 0.71) (end 0.261252 0.71) (layer F.SilkS) (width 0.12))
    (fp_line (start -1.85 0.95) (end -1.85 -0.95) (layer F.CrtYd) (width 0.05))
    (fp_line (start -1.85 -0.95) (end 1.85 -0.95) (layer F.CrtYd) (width 0.05))
    (fp_line (start 1.85 -0.95) (end 1.85 0.95) (layer F.CrtYd) (width 0.05))
    (fp_line (start 1.85 0.95) (end -1.85 0.95) (layer F.CrtYd) (width 0.05))
    (fp_text user %R (at 0 0 270) (layer F.Fab)
      (effects (font (size 0.5 0.5) (thickness 0.08)))
    )
    (pad 1 smd roundrect (at -1.025 0 270) (size 1.15 1.4) (layers F.Cu F.Paste F.Mask) (roundrect_rratio 0.217391)
      (net 1 GND))
    (pad 2 smd roundrect (at 1.025 0 270) (size 1.15 1.4) (layers F.Cu F.Paste F.Mask) (roundrect_rratio 0.217391)
      (net 2 "Net-(C1-Pad2)"))
    (model ${KISYS3DMOD}/Capacitor_SMD.3dshapes/C_0805_2012Metric.wrl
      (at (xyz 0 0 0))
      (scale (xyz 1 1 1))
      (rotate (xyz 0 0 0))
    )
  )

  (module Capacitor_SMD:C_0805_2012Metric_Pad1.15x1.40mm_HandSolder (layer F.Cu) (tedit 5B36C52B) (tstamp 5E3ADC6E)
    (at 142.104 42.418 180)
    (descr "Capacitor SMD 0805 (2012 Metric), square (rectangular) end terminal, IPC_7351 nominal with elongated pad for handsoldering. (Body size source: https://docs.google.com/spreadsheets/d/1BsfQQcO9C6DZCsRaXUlFlo91Tg2WpOkGARC1WS5S8t0/edit?usp=sharing), generated with kicad-footprint-generator")
    (tags "capacitor handsolder")
    (path /5E39F6F7)
    (attr smd)
    (fp_text reference C2 (at 0 -1.65 180) (layer F.SilkS)
      (effects (font (size 1 1) (thickness 0.15)))
    )
    (fp_text value C (at 0 1.65 180) (layer F.Fab)
      (effects (font (size 1 1) (thickness 0.15)))
    )
    (fp_text user %R (at 0 0 180) (layer F.Fab)
      (effects (font (size 0.5 0.5) (thickness 0.08)))
    )
    (fp_line (start 1.85 0.95) (end -1.85 0.95) (layer F.CrtYd) (width 0.05))
    (fp_line (start 1.85 -0.95) (end 1.85 0.95) (layer F.CrtYd) (width 0.05))
    (fp_line (start -1.85 -0.95) (end 1.85 -0.95) (layer F.CrtYd) (width 0.05))
    (fp_line (start -1.85 0.95) (end -1.85 -0.95) (layer F.CrtYd) (width 0.05))
    (fp_line (start -0.261252 0.71) (end 0.261252 0.71) (layer F.SilkS) (width 0.12))
    (fp_line (start -0.261252 -0.71) (end 0.261252 -0.71) (layer F.SilkS) (width 0.12))
    (fp_line (start 1 0.6) (end -1 0.6) (layer F.Fab) (width 0.1))
    (fp_line (start 1 -0.6) (end 1 0.6) (layer F.Fab) (width 0.1))
    (fp_line (start -1 -0.6) (end 1 -0.6) (layer F.Fab) (width 0.1))
    (fp_line (start -1 0.6) (end -1 -0.6) (layer F.Fab) (width 0.1))
    (pad 2 smd roundrect (at 1.025 0 180) (size 1.15 1.4) (layers F.Cu F.Paste F.Mask) (roundrect_rratio 0.217391)
      (net 2 "Net-(C1-Pad2)"))
    (pad 1 smd roundrect (at -1.025 0 180) (size 1.15 1.4) (layers F.Cu F.Paste F.Mask) (roundrect_rratio 0.217391)
      (net 3 "Net-(C2-Pad1)"))
    (model ${KISYS3DMOD}/Capacitor_SMD.3dshapes/C_0805_2012Metric.wrl
      (at (xyz 0 0 0))
      (scale (xyz 1 1 1))
      (rotate (xyz 0 0 0))
    )
  )

  (module Capacitor_SMD:C_0805_2012Metric_Pad1.15x1.40mm_HandSolder (layer F.Cu) (tedit 5B36C52B) (tstamp 5E3ADC7F)
    (at 163.576 41.52 270)
    (descr "Capacitor SMD 0805 (2012 Metric), square (rectangular) end terminal, IPC_7351 nominal with elongated pad for handsoldering. (Body size source: https://docs.google.com/spreadsheets/d/1BsfQQcO9C6DZCsRaXUlFlo91Tg2WpOkGARC1WS5S8t0/edit?usp=sharing), generated with kicad-footprint-generator")
    (tags "capacitor handsolder")
    (path /5E39F754)
    (attr smd)
    (fp_text reference C3 (at 0 -1.65 270) (layer F.SilkS)
      (effects (font (size 1 1) (thickness 0.15)))
    )
    (fp_text value C (at 0 1.65 270) (layer F.Fab)
      (effects (font (size 1 1) (thickness 0.15)))
    )
    (fp_text user %R (at 0 0 270) (layer F.Fab)
      (effects (font (size 0.5 0.5) (thickness 0.08)))
    )
    (fp_line (start 1.85 0.95) (end -1.85 0.95) (layer F.CrtYd) (width 0.05))
    (fp_line (start 1.85 -0.95) (end 1.85 0.95) (layer F.CrtYd) (width 0.05))
    (fp_line (start -1.85 -0.95) (end 1.85 -0.95) (layer F.CrtYd) (width 0.05))
    (fp_line (start -1.85 0.95) (end -1.85 -0.95) (layer F.CrtYd) (width 0.05))
    (fp_line (start -0.261252 0.71) (end 0.261252 0.71) (layer F.SilkS) (width 0.12))
    (fp_line (start -0.261252 -0.71) (end 0.261252 -0.71) (layer F.SilkS) (width 0.12))
    (fp_line (start 1 0.6) (end -1 0.6) (layer F.Fab) (width 0.1))
    (fp_line (start 1 -0.6) (end 1 0.6) (layer F.Fab) (width 0.1))
    (fp_line (start -1 -0.6) (end 1 -0.6) (layer F.Fab) (width 0.1))
    (fp_line (start -1 0.6) (end -1 -0.6) (layer F.Fab) (width 0.1))
    (pad 2 smd roundrect (at 1.025 0 270) (size 1.15 1.4) (layers F.Cu F.Paste F.Mask) (roundrect_rratio 0.217391)
      (net 4 "Net-(C3-Pad2)"))
    (pad 1 smd roundrect (at -1.025 0 270) (size 1.15 1.4) (layers F.Cu F.Paste F.Mask) (roundrect_rratio 0.217391)
      (net 1 GND))
    (model ${KISYS3DMOD}/Capacitor_SMD.3dshapes/C_0805_2012Metric.wrl
      (at (xyz 0 0 0))
      (scale (xyz 1 1 1))
      (rotate (xyz 0 0 0))
    )
  )

  (module Capacitor_SMD:C_0805_2012Metric_Pad1.15x1.40mm_HandSolder (layer F.Cu) (tedit 5B36C52B) (tstamp 5E3ADC90)
    (at 152.391 42.418 180)
    (descr "Capacitor SMD 0805 (2012 Metric), square (rectangular) end terminal, IPC_7351 nominal with elongated pad for handsoldering. (Body size source: https://docs.google.com/spreadsheets/d/1BsfQQcO9C6DZCsRaXUlFlo91Tg2WpOkGARC1WS5S8t0/edit?usp=sharing), generated with kicad-footprint-generator")
    (tags "capacitor handsolder")
    (path /5E39F7F9)
    (attr smd)
    (fp_text reference C4 (at 0 -1.65 180) (layer F.SilkS)
      (effects (font (size 1 1) (thickness 0.15)))
    )
    (fp_text value C (at 0 1.65 180) (layer F.Fab)
      (effects (font (size 1 1) (thickness 0.15)))
    )
    (fp_line (start -1 0.6) (end -1 -0.6) (layer F.Fab) (width 0.1))
    (fp_line (start -1 -0.6) (end 1 -0.6) (layer F.Fab) (width 0.1))
    (fp_line (start 1 -0.6) (end 1 0.6) (layer F.Fab) (width 0.1))
    (fp_line (start 1 0.6) (end -1 0.6) (layer F.Fab) (width 0.1))
    (fp_line (start -0.261252 -0.71) (end 0.261252 -0.71) (layer F.SilkS) (width 0.12))
    (fp_line (start -0.261252 0.71) (end 0.261252 0.71) (layer F.SilkS) (width 0.12))
    (fp_line (start -1.85 0.95) (end -1.85 -0.95) (layer F.CrtYd) (width 0.05))
    (fp_line (start -1.85 -0.95) (end 1.85 -0.95) (layer F.CrtYd) (width 0.05))
    (fp_line (start 1.85 -0.95) (end 1.85 0.95) (layer F.CrtYd) (width 0.05))
    (fp_line (start 1.85 0.95) (end -1.85 0.95) (layer F.CrtYd) (width 0.05))
    (fp_text user %R (at 0 0 180) (layer F.Fab)
      (effects (font (size 0.5 0.5) (thickness 0.08)))
    )
    (pad 1 smd roundrect (at -1.025 0 180) (size 1.15 1.4) (layers F.Cu F.Paste F.Mask) (roundrect_rratio 0.217391)
      (net 4 "Net-(C3-Pad2)"))
    (pad 2 smd roundrect (at 1.025 0 180) (size 1.15 1.4) (layers F.Cu F.Paste F.Mask) (roundrect_rratio 0.217391)
      (net 3 "Net-(C2-Pad1)"))
    (model ${KISYS3DMOD}/Capacitor_SMD.3dshapes/C_0805_2012Metric.wrl
      (at (xyz 0 0 0))
      (scale (xyz 1 1 1))
      (rotate (xyz 0 0 0))
    )
  )

  (module Connector_Coaxial:SMA_Amphenol_132289_EdgeMount (layer F.Cu) (tedit 5A1C1810) (tstamp 5E3ADCB3)
    (at 118.364 42.545 180)
    (descr http://www.amphenolrf.com/132289.html)
    (tags SMA)
    (path /5E39F9DD)
    (attr smd)
    (fp_text reference J1 (at -3.96 -3 270) (layer F.SilkS)
      (effects (font (size 1 1) (thickness 0.15)))
    )
    (fp_text value Conn_Coaxial (at 5 6 180) (layer F.Fab)
      (effects (font (size 1 1) (thickness 0.15)))
    )
    (fp_line (start -1.91 5.08) (end 4.445 5.08) (layer F.Fab) (width 0.1))
    (fp_line (start -1.91 3.81) (end -1.91 5.08) (layer F.Fab) (width 0.1))
    (fp_line (start 2.54 3.81) (end -1.91 3.81) (layer F.Fab) (width 0.1))
    (fp_line (start 2.54 -3.81) (end 2.54 3.81) (layer F.Fab) (width 0.1))
    (fp_line (start -1.91 -3.81) (end 2.54 -3.81) (layer F.Fab) (width 0.1))
    (fp_line (start -1.91 -5.08) (end -1.91 -3.81) (layer F.Fab) (width 0.1))
    (fp_line (start -1.91 -5.08) (end 4.445 -5.08) (layer F.Fab) (width 0.1))
    (fp_line (start 4.445 -3.81) (end 4.445 -5.08) (layer F.Fab) (width 0.1))
    (fp_line (start 4.445 5.08) (end 4.445 3.81) (layer F.Fab) (width 0.1))
    (fp_line (start 13.97 3.81) (end 4.445 3.81) (layer F.Fab) (width 0.1))
    (fp_line (start 13.97 -3.81) (end 13.97 3.81) (layer F.Fab) (width 0.1))
    (fp_line (start 4.445 -3.81) (end 13.97 -3.81) (layer F.Fab) (width 0.1))
    (fp_line (start -3.04 5.58) (end -3.04 -5.58) (layer B.CrtYd) (width 0.05))
    (fp_line (start 14.47 5.58) (end -3.04 5.58) (layer B.CrtYd) (width 0.05))
    (fp_line (start 14.47 -5.58) (end 14.47 5.58) (layer B.CrtYd) (width 0.05))
    (fp_line (start 14.47 -5.58) (end -3.04 -5.58) (layer B.CrtYd) (width 0.05))
    (fp_line (start -3.04 5.58) (end -3.04 -5.58) (layer F.CrtYd) (width 0.05))
    (fp_line (start 14.47 5.58) (end -3.04 5.58) (layer F.CrtYd) (width 0.05))
    (fp_line (start 14.47 -5.58) (end 14.47 5.58) (layer F.CrtYd) (width 0.05))
    (fp_line (start 14.47 -5.58) (end -3.04 -5.58) (layer F.CrtYd) (width 0.05))
    (fp_text user %R (at 4.79 0 90) (layer F.Fab)
      (effects (font (size 1 1) (thickness 0.15)))
    )
    (fp_line (start 2.54 -0.75) (end 3.54 0) (layer F.Fab) (width 0.1))
    (fp_line (start 3.54 0) (end 2.54 0.75) (layer F.Fab) (width 0.1))
    (fp_line (start -3.21 0) (end -3.71 -0.25) (layer F.SilkS) (width 0.12))
    (fp_line (start -3.71 -0.25) (end -3.71 0.25) (layer F.SilkS) (width 0.12))
    (fp_line (start -3.71 0.25) (end -3.21 0) (layer F.SilkS) (width 0.12))
    (pad 1 smd rect (at 0 0 270) (size 1.5 5.08) (layers F.Cu F.Paste F.Mask)
      (net 2 "Net-(C1-Pad2)"))
    (pad 2 smd rect (at 0 -4.25 270) (size 1.5 5.08) (layers F.Cu F.Paste F.Mask)
      (net 1 GND))
    (pad 2 smd rect (at 0 4.25 270) (size 1.5 5.08) (layers F.Cu F.Paste F.Mask)
      (net 1 GND))
    (pad 2 smd rect (at 0 -4.25 270) (size 1.5 5.08) (layers B.Cu B.Paste B.Mask)
      (net 1 GND))
    (pad 2 smd rect (at 0 4.25 270) (size 1.5 5.08) (layers B.Cu B.Paste B.Mask)
      (net 1 GND))
    (model ${KISYS3DMOD}/Connector_Coaxial.3dshapes/SMA_Amphenol_132289_EdgeMount.wrl
      (at (xyz 0 0 0))
      (scale (xyz 1 1 1))
      (rotate (xyz 0 0 0))
    )
  )

  (module Connector_Coaxial:SMA_Amphenol_132289_EdgeMount (layer F.Cu) (tedit 5A1C1810) (tstamp 5E3ADCD6)
    (at 171.831 42.545)
    (descr http://www.amphenolrf.com/132289.html)
    (tags SMA)
    (path /5E39F96B)
    (attr smd)
    (fp_text reference J2 (at -3.96 -3 90) (layer F.SilkS)
      (effects (font (size 1 1) (thickness 0.15)))
    )
    (fp_text value Conn_Coaxial (at 5 6) (layer F.Fab)
      (effects (font (size 1 1) (thickness 0.15)))
    )
    (fp_line (start -3.71 0.25) (end -3.21 0) (layer F.SilkS) (width 0.12))
    (fp_line (start -3.71 -0.25) (end -3.71 0.25) (layer F.SilkS) (width 0.12))
    (fp_line (start -3.21 0) (end -3.71 -0.25) (layer F.SilkS) (width 0.12))
    (fp_line (start 3.54 0) (end 2.54 0.75) (layer F.Fab) (width 0.1))
    (fp_line (start 2.54 -0.75) (end 3.54 0) (layer F.Fab) (width 0.1))
    (fp_text user %R (at 4.79 0 270) (layer F.Fab)
      (effects (font (size 1 1) (thickness 0.15)))
    )
    (fp_line (start 14.47 -5.58) (end -3.04 -5.58) (layer F.CrtYd) (width 0.05))
    (fp_line (start 14.47 -5.58) (end 14.47 5.58) (layer F.CrtYd) (width 0.05))
    (fp_line (start 14.47 5.58) (end -3.04 5.58) (layer F.CrtYd) (width 0.05))
    (fp_line (start -3.04 5.58) (end -3.04 -5.58) (layer F.CrtYd) (width 0.05))
    (fp_line (start 14.47 -5.58) (end -3.04 -5.58) (layer B.CrtYd) (width 0.05))
    (fp_line (start 14.47 -5.58) (end 14.47 5.58) (layer B.CrtYd) (width 0.05))
    (fp_line (start 14.47 5.58) (end -3.04 5.58) (layer B.CrtYd) (width 0.05))
    (fp_line (start -3.04 5.58) (end -3.04 -5.58) (layer B.CrtYd) (width 0.05))
    (fp_line (start 4.445 -3.81) (end 13.97 -3.81) (layer F.Fab) (width 0.1))
    (fp_line (start 13.97 -3.81) (end 13.97 3.81) (layer F.Fab) (width 0.1))
    (fp_line (start 13.97 3.81) (end 4.445 3.81) (layer F.Fab) (width 0.1))
    (fp_line (start 4.445 5.08) (end 4.445 3.81) (layer F.Fab) (width 0.1))
    (fp_line (start 4.445 -3.81) (end 4.445 -5.08) (layer F.Fab) (width 0.1))
    (fp_line (start -1.91 -5.08) (end 4.445 -5.08) (layer F.Fab) (width 0.1))
    (fp_line (start -1.91 -5.08) (end -1.91 -3.81) (layer F.Fab) (width 0.1))
    (fp_line (start -1.91 -3.81) (end 2.54 -3.81) (layer F.Fab) (width 0.1))
    (fp_line (start 2.54 -3.81) (end 2.54 3.81) (layer F.Fab) (width 0.1))
    (fp_line (start 2.54 3.81) (end -1.91 3.81) (layer F.Fab) (width 0.1))
    (fp_line (start -1.91 3.81) (end -1.91 5.08) (layer F.Fab) (width 0.1))
    (fp_line (start -1.91 5.08) (end 4.445 5.08) (layer F.Fab) (width 0.1))
    (pad 2 smd rect (at 0 4.25 90) (size 1.5 5.08) (layers B.Cu B.Paste B.Mask)
      (net 1 GND))
    (pad 2 smd rect (at 0 -4.25 90) (size 1.5 5.08) (layers B.Cu B.Paste B.Mask)
      (net 1 GND))
    (pad 2 smd rect (at 0 4.25 90) (size 1.5 5.08) (layers F.Cu F.Paste F.Mask)
      (net 1 GND))
    (pad 2 smd rect (at 0 -4.25 90) (size 1.5 5.08) (layers F.Cu F.Paste F.Mask)
      (net 1 GND))
    (pad 1 smd rect (at 0 0 90) (size 1.5 5.08) (layers F.Cu F.Paste F.Mask)
      (net 4 "Net-(C3-Pad2)"))
    (model ${KISYS3DMOD}/Connector_Coaxial.3dshapes/SMA_Amphenol_132289_EdgeMount.wrl
      (at (xyz 0 0 0))
      (scale (xyz 1 1 1))
      (rotate (xyz 0 0 0))
    )
  )

  (module LT:IND_trimmer_7M3 (layer F.Cu) (tedit 5E3A16B9) (tstamp 5E3ADCE6)
    (at 131.953 34.925 180)
    (path /5E3A02D0)
    (fp_text reference U1 (at -8.7122 -4.2672 180) (layer F.SilkS)
      (effects (font (size 1 1) (thickness 0.15)))
    )
    (fp_text value LM3-IND (at -5.9436 -5.9182 180) (layer F.Fab)
      (effects (font (size 1 1) (thickness 0.15)))
    )
    (fp_line (start 0 -3.81) (end -3.81 -3.81) (layer F.CrtYd) (width 0.12))
    (fp_line (start -3.81 -3.81) (end -3.81 3.81) (layer F.CrtYd) (width 0.12))
    (fp_line (start -3.81 3.81) (end 3.81 3.81) (layer F.CrtYd) (width 0.12))
    (fp_line (start 3.81 3.81) (end 3.81 -3.81) (layer F.CrtYd) (width 0.12))
    (fp_line (start 3.81 -3.81) (end 0 -3.81) (layer F.CrtYd) (width 0.12))
    (pad 2 thru_hole circle (at 0 -2.25 180) (size 1.75 1.75) (drill 1) (layers *.Cu *.Mask)
      (net 5 "Net-(U1-Pad2)"))
    (pad 6 thru_hole circle (at -2.25 2.25 180) (size 1.75 1.75) (drill 1) (layers *.Cu *.Mask)
      (net 6 "Net-(U1-Pad6)"))
    (pad 1 thru_hole circle (at -2.25 -2.25 180) (size 1.75 1.75) (drill 1) (layers *.Cu *.Mask)
      (net 2 "Net-(C1-Pad2)"))
    (pad 3 thru_hole circle (at 2.25 -2.25 180) (size 1.75 1.75) (drill 1) (layers *.Cu *.Mask)
      (net 1 GND))
    (pad 4 thru_hole circle (at 2.25 2.25 180) (size 1.75 1.75) (drill 1) (layers *.Cu *.Mask)
      (net 7 "Net-(U1-Pad4)"))
    (pad 5 thru_hole circle (at -3.62 0 180) (size 2.25 2.25) (drill 1.5) (layers *.Cu *.Mask))
    (pad 5 thru_hole circle (at 3.62 0 180) (size 2.25 2.25) (drill 1.5) (layers *.Cu *.Mask)
      (net 8 "Net-(U1-Pad5)"))
  )

  (module LT:IND_trimmer_7M3 (layer F.Cu) (tedit 5E3A16CC) (tstamp 5E3ADCF6)
    (at 142.113 51.435)
    (path /5E3A0C86)
    (fp_text reference U2 (at -8.7122 -4.2672) (layer F.SilkS)
      (effects (font (size 1 1) (thickness 0.15)))
    )
    (fp_text value LM3-IND (at -5.9436 -5.9182) (layer F.Fab)
      (effects (font (size 1 1) (thickness 0.15)))
    )
    (fp_line (start 3.81 -3.81) (end 0 -3.81) (layer F.CrtYd) (width 0.12))
    (fp_line (start 3.81 3.81) (end 3.81 -3.81) (layer F.CrtYd) (width 0.12))
    (fp_line (start -3.81 3.81) (end 3.81 3.81) (layer F.CrtYd) (width 0.12))
    (fp_line (start -3.81 -3.81) (end -3.81 3.81) (layer F.CrtYd) (width 0.12))
    (fp_line (start 0 -3.81) (end -3.81 -3.81) (layer F.CrtYd) (width 0.12))
    (pad 5 thru_hole circle (at 3.62 0) (size 2.25 2.25) (drill 1.5) (layers *.Cu *.Mask))
    (pad 5 thru_hole circle (at -3.62 0) (size 2.25 2.25) (drill 1.5) (layers *.Cu *.Mask)
      (net 9 "Net-(U2-Pad5)"))
    (pad 4 thru_hole circle (at 2.25 2.25) (size 1.75 1.75) (drill 1) (layers *.Cu *.Mask)
      (net 10 "Net-(U2-Pad4)"))
    (pad 3 thru_hole circle (at 2.25 -2.25) (size 1.75 1.75) (drill 1) (layers *.Cu *.Mask)
      (net 3 "Net-(C2-Pad1)"))
    (pad 1 thru_hole circle (at -2.25 -2.25) (size 1.75 1.75) (drill 1) (layers *.Cu *.Mask)
      (net 2 "Net-(C1-Pad2)"))
    (pad 6 thru_hole circle (at -2.25 2.25) (size 1.75 1.75) (drill 1) (layers *.Cu *.Mask)
      (net 11 "Net-(U2-Pad6)"))
    (pad 2 thru_hole circle (at 0 -2.25) (size 1.75 1.75) (drill 1) (layers *.Cu *.Mask)
      (net 12 "Net-(U2-Pad2)"))
  )

  (module LT:IND_trimmer_7M3 (layer F.Cu) (tedit 5E3A16C8) (tstamp 5E3AEE82)
    (at 163.068 47.879)
    (path /5E3A14E4)
    (fp_text reference U3 (at -8.7122 -4.2672) (layer F.SilkS)
      (effects (font (size 1 1) (thickness 0.15)))
    )
    (fp_text value LM3-IND (at -5.9436 -5.9182) (layer F.Fab)
      (effects (font (size 1 1) (thickness 0.15)))
    )
    (fp_line (start 0 -3.81) (end -3.81 -3.81) (layer F.CrtYd) (width 0.12))
    (fp_line (start -3.81 -3.81) (end -3.81 3.81) (layer F.CrtYd) (width 0.12))
    (fp_line (start -3.81 3.81) (end 3.81 3.81) (layer F.CrtYd) (width 0.12))
    (fp_line (start 3.81 3.81) (end 3.81 -3.81) (layer F.CrtYd) (width 0.12))
    (fp_line (start 3.81 -3.81) (end 0 -3.81) (layer F.CrtYd) (width 0.12))
    (pad 2 thru_hole circle (at 0 -2.25) (size 1.75 1.75) (drill 1) (layers *.Cu *.Mask))
    (pad 6 thru_hole circle (at -2.25 2.25) (size 1.75 1.75) (drill 1) (layers *.Cu *.Mask)
      (net 13 "Net-(U3-Pad6)"))
    (pad 1 thru_hole circle (at -2.25 -2.25) (size 1.75 1.75) (drill 1) (layers *.Cu *.Mask)
      (net 4 "Net-(C3-Pad2)"))
    (pad 3 thru_hole circle (at 2.25 -2.25) (size 1.75 1.75) (drill 1) (layers *.Cu *.Mask)
      (net 1 GND))
    (pad 4 thru_hole circle (at 2.25 2.25) (size 1.75 1.75) (drill 1) (layers *.Cu *.Mask))
    (pad 5 thru_hole circle (at -3.62 0) (size 2.25 2.25) (drill 1.5) (layers *.Cu *.Mask))
    (pad 5 thru_hole circle (at 3.62 0) (size 2.25 2.25) (drill 1.5) (layers *.Cu *.Mask)
      (net 14 "Net-(U3-Pad5)"))
  )

  (module LT:IND_trimmer_7M3 (layer F.Cu) (tedit 5E3A16C1) (tstamp 5E3ADD16)
    (at 152.527 51.435)
    (path /5E3A1CA8)
    (fp_text reference U4 (at -8.7122 -4.2672) (layer F.SilkS)
      (effects (font (size 1 1) (thickness 0.15)))
    )
    (fp_text value LM3-IND (at -5.9436 -5.9182) (layer F.Fab)
      (effects (font (size 1 1) (thickness 0.15)))
    )
    (fp_line (start 3.81 -3.81) (end 0 -3.81) (layer F.CrtYd) (width 0.12))
    (fp_line (start 3.81 3.81) (end 3.81 -3.81) (layer F.CrtYd) (width 0.12))
    (fp_line (start -3.81 3.81) (end 3.81 3.81) (layer F.CrtYd) (width 0.12))
    (fp_line (start -3.81 -3.81) (end -3.81 3.81) (layer F.CrtYd) (width 0.12))
    (fp_line (start 0 -3.81) (end -3.81 -3.81) (layer F.CrtYd) (width 0.12))
    (pad 5 thru_hole circle (at 3.62 0) (size 2.25 2.25) (drill 1.5) (layers *.Cu *.Mask))
    (pad 5 thru_hole circle (at -3.62 0) (size 2.25 2.25) (drill 1.5) (layers *.Cu *.Mask)
      (net 16 "Net-(U4-Pad5)"))
    (pad 4 thru_hole circle (at 2.25 2.25) (size 1.75 1.75) (drill 1) (layers *.Cu *.Mask)
      (net 17 "Net-(U4-Pad4)"))
    (pad 3 thru_hole circle (at 2.25 -2.25) (size 1.75 1.75) (drill 1) (layers *.Cu *.Mask)
      (net 4 "Net-(C3-Pad2)"))
    (pad 1 thru_hole circle (at -2.25 -2.25) (size 1.75 1.75) (drill 1) (layers *.Cu *.Mask)
      (net 3 "Net-(C2-Pad1)"))
    (pad 6 thru_hole circle (at -2.25 2.25) (size 1.75 1.75) (drill 1) (layers *.Cu *.Mask)
      (net 18 "Net-(U4-Pad6)"))
    (pad 2 thru_hole circle (at 0 -2.25) (size 1.75 1.75) (drill 1) (layers *.Cu *.Mask)
      (net 15 "Net-(U4-Pad2)"))
  )

  (module "Connector_PinHeader_2.54mm:Variable Capacitor" (layer F.Cu) (tedit 5E20EA9C) (tstamp 5E3AE302)
    (at 142.484348 37.719 180)
    (path /5E3AA00C)
    (fp_text reference C_trimmer1 (at 0 7.62 180) (layer F.SilkS)
      (effects (font (size 1 1) (thickness 0.15)))
    )
    (fp_text value C_Variable (at 0 5.08 180) (layer F.Fab)
      (effects (font (size 1 1) (thickness 0.15)))
    )
    (fp_poly (pts (xy -1.016 -1.0795) (xy -1.016 1.0795) (xy 1.778 1.0795) (xy 1.778 -1.0795)) (layer F.SilkS) (width 0.15))
    (pad 1 smd rect (at -2.516124 0 180) (size 1.778 1.778) (layers F.Cu F.Paste F.Mask)
      (net 3 "Net-(C2-Pad1)"))
    (pad 2 smd rect (at 3.419348 0 180) (size 1.778 1.778) (layers F.Cu F.Paste F.Mask)
      (net 2 "Net-(C1-Pad2)"))
  )

  (module "Connector_PinHeader_2.54mm:Variable Capacitor" (layer F.Cu) (tedit 5E20EA9C) (tstamp 5E3AE309)
    (at 152.644348 37.719 180)
    (path /5E3AB6DB)
    (fp_text reference C_trimmer2 (at 0 7.62 180) (layer F.SilkS)
      (effects (font (size 1 1) (thickness 0.15)))
    )
    (fp_text value C_Variable (at 0 5.08 180) (layer F.Fab)
      (effects (font (size 1 1) (thickness 0.15)))
    )
    (fp_poly (pts (xy -1.016 -1.0795) (xy -1.016 1.0795) (xy 1.778 1.0795) (xy 1.778 -1.0795)) (layer F.SilkS) (width 0.15))
    (pad 2 smd rect (at 3.419348 0 180) (size 1.778 1.778) (layers F.Cu F.Paste F.Mask)
      (net 3 "Net-(C2-Pad1)"))
    (pad 1 smd rect (at -2.516124 0 180) (size 1.778 1.778) (layers F.Cu F.Paste F.Mask)
      (net 4 "Net-(C3-Pad2)"))
  )

  (module Inductor_SMD:L_0805_2012Metric_Pad1.15x1.40mm_HandSolder (layer F.Cu) (tedit 5B36C52B) (tstamp 5E3AE31A)
    (at 129.413 41.411 270)
    (descr "Capacitor SMD 0805 (2012 Metric), square (rectangular) end terminal, IPC_7351 nominal with elongated pad for handsoldering. (Body size source: https://docs.google.com/spreadsheets/d/1BsfQQcO9C6DZCsRaXUlFlo91Tg2WpOkGARC1WS5S8t0/edit?usp=sharing), generated with kicad-footprint-generator")
    (tags "inductor handsolder")
    (path /5E3A581B)
    (attr smd)
    (fp_text reference L1 (at 0 -1.65 270) (layer F.SilkS)
      (effects (font (size 1 1) (thickness 0.15)))
    )
    (fp_text value L_hold1 (at 0 1.65 270) (layer F.Fab)
      (effects (font (size 1 1) (thickness 0.15)))
    )
    (fp_line (start -1 0.6) (end -1 -0.6) (layer F.Fab) (width 0.1))
    (fp_line (start -1 -0.6) (end 1 -0.6) (layer F.Fab) (width 0.1))
    (fp_line (start 1 -0.6) (end 1 0.6) (layer F.Fab) (width 0.1))
    (fp_line (start 1 0.6) (end -1 0.6) (layer F.Fab) (width 0.1))
    (fp_line (start -0.261252 -0.71) (end 0.261252 -0.71) (layer F.SilkS) (width 0.12))
    (fp_line (start -0.261252 0.71) (end 0.261252 0.71) (layer F.SilkS) (width 0.12))
    (fp_line (start -1.85 0.95) (end -1.85 -0.95) (layer F.CrtYd) (width 0.05))
    (fp_line (start -1.85 -0.95) (end 1.85 -0.95) (layer F.CrtYd) (width 0.05))
    (fp_line (start 1.85 -0.95) (end 1.85 0.95) (layer F.CrtYd) (width 0.05))
    (fp_line (start 1.85 0.95) (end -1.85 0.95) (layer F.CrtYd) (width 0.05))
    (fp_text user %R (at 0 0 270) (layer F.Fab)
      (effects (font (size 0.5 0.5) (thickness 0.08)))
    )
    (pad 1 smd roundrect (at -1.025 0 270) (size 1.15 1.4) (layers F.Cu F.Paste F.Mask) (roundrect_rratio 0.217391)
      (net 1 GND))
    (pad 2 smd roundrect (at 1.025 0 270) (size 1.15 1.4) (layers F.Cu F.Paste F.Mask) (roundrect_rratio 0.217391)
      (net 2 "Net-(C1-Pad2)"))
    (model ${KISYS3DMOD}/Inductor_SMD.3dshapes/L_0805_2012Metric.wrl
      (at (xyz 0 0 0))
      (scale (xyz 1 1 1))
      (rotate (xyz 0 0 0))
    )
  )

  (module Inductor_SMD:L_0805_2012Metric_Pad1.15x1.40mm_HandSolder (layer F.Cu) (tedit 5E3A1496) (tstamp 5E3AE32B)
    (at 160.782 41.52 270)
    (descr "Capacitor SMD 0805 (2012 Metric), square (rectangular) end terminal, IPC_7351 nominal with elongated pad for handsoldering. (Body size source: https://docs.google.com/spreadsheets/d/1BsfQQcO9C6DZCsRaXUlFlo91Tg2WpOkGARC1WS5S8t0/edit?usp=sharing), generated with kicad-footprint-generator")
    (tags "inductor handsolder")
    (path /5E3A5EF8)
    (attr smd)
    (fp_text reference L2 (at 0 -1.65 270) (layer F.SilkS)
      (effects (font (size 1 1) (thickness 0.15)))
    )
    (fp_text value L_hold2 (at 0 1.65 270) (layer F.Fab)
      (effects (font (size 1 1) (thickness 0.15)))
    )
    (fp_text user %R (at 0 0 270) (layer F.Fab)
      (effects (font (size 0.5 0.5) (thickness 0.08)))
    )
    (fp_line (start 1.85 0.95) (end -1.85 0.95) (layer F.CrtYd) (width 0.05))
    (fp_line (start 1.85 -0.95) (end 1.85 0.95) (layer F.CrtYd) (width 0.05))
    (fp_line (start -1.85 -0.95) (end 1.85 -0.95) (layer F.CrtYd) (width 0.05))
    (fp_line (start -1.85 0.95) (end -1.85 -0.95) (layer F.CrtYd) (width 0.05))
    (fp_line (start -0.261252 0.71) (end 0.261252 0.71) (layer F.SilkS) (width 0.12))
    (fp_line (start -0.261252 -0.71) (end 0.261252 -0.71) (layer F.SilkS) (width 0.12))
    (fp_line (start 1 0.6) (end -1 0.6) (layer F.Fab) (width 0.1))
    (fp_line (start 1 -0.6) (end 1 0.6) (layer F.Fab) (width 0.1))
    (fp_line (start -1 -0.6) (end 1 -0.6) (layer F.Fab) (width 0.1))
    (fp_line (start -1 0.6) (end -1 -0.6) (layer F.Fab) (width 0.1))
    (pad 2 smd roundrect (at 1.025 0 270) (size 1.15 1.4) (layers F.Cu F.Paste F.Mask) (roundrect_rratio 0.217391)
      (net 4 "Net-(C3-Pad2)"))
    (pad 1 smd roundrect (at -1.025 0 270) (size 1.15 1.4) (layers F.Cu F.Paste F.Mask) (roundrect_rratio 0.217391)
      (net 1 GND))
    (model ${KISYS3DMOD}/Inductor_SMD.3dshapes/L_0805_2012Metric.wrl
      (at (xyz 0 0 0))
      (scale (xyz 1 1 1))
      (rotate (xyz 0 0 0))
    )
  )

  (module Inductor_SMD:L_0805_2012Metric_Pad1.15x1.40mm_HandSolder (layer F.Cu) (tedit 5B36C52B) (tstamp 5E3AE33C)
    (at 152.4 45.212)
    (descr "Capacitor SMD 0805 (2012 Metric), square (rectangular) end terminal, IPC_7351 nominal with elongated pad for handsoldering. (Body size source: https://docs.google.com/spreadsheets/d/1BsfQQcO9C6DZCsRaXUlFlo91Tg2WpOkGARC1WS5S8t0/edit?usp=sharing), generated with kicad-footprint-generator")
    (tags "inductor handsolder")
    (path /5E3A7E30)
    (attr smd)
    (fp_text reference L3 (at 0 -1.65) (layer F.SilkS)
      (effects (font (size 1 1) (thickness 0.15)))
    )
    (fp_text value L_hold3 (at 0 1.65) (layer F.Fab)
      (effects (font (size 1 1) (thickness 0.15)))
    )
    (fp_line (start -1 0.6) (end -1 -0.6) (layer F.Fab) (width 0.1))
    (fp_line (start -1 -0.6) (end 1 -0.6) (layer F.Fab) (width 0.1))
    (fp_line (start 1 -0.6) (end 1 0.6) (layer F.Fab) (width 0.1))
    (fp_line (start 1 0.6) (end -1 0.6) (layer F.Fab) (width 0.1))
    (fp_line (start -0.261252 -0.71) (end 0.261252 -0.71) (layer F.SilkS) (width 0.12))
    (fp_line (start -0.261252 0.71) (end 0.261252 0.71) (layer F.SilkS) (width 0.12))
    (fp_line (start -1.85 0.95) (end -1.85 -0.95) (layer F.CrtYd) (width 0.05))
    (fp_line (start -1.85 -0.95) (end 1.85 -0.95) (layer F.CrtYd) (width 0.05))
    (fp_line (start 1.85 -0.95) (end 1.85 0.95) (layer F.CrtYd) (width 0.05))
    (fp_line (start 1.85 0.95) (end -1.85 0.95) (layer F.CrtYd) (width 0.05))
    (fp_text user %R (at 0 0) (layer F.Fab)
      (effects (font (size 0.5 0.5) (thickness 0.08)))
    )
    (pad 1 smd roundrect (at -1.025 0) (size 1.15 1.4) (layers F.Cu F.Paste F.Mask) (roundrect_rratio 0.217391)
      (net 3 "Net-(C2-Pad1)"))
    (pad 2 smd roundrect (at 1.025 0) (size 1.15 1.4) (layers F.Cu F.Paste F.Mask) (roundrect_rratio 0.217391)
      (net 4 "Net-(C3-Pad2)"))
    (model ${KISYS3DMOD}/Inductor_SMD.3dshapes/L_0805_2012Metric.wrl
      (at (xyz 0 0 0))
      (scale (xyz 1 1 1))
      (rotate (xyz 0 0 0))
    )
  )

  (module Inductor_SMD:L_0805_2012Metric_Pad1.15x1.40mm_HandSolder (layer F.Cu) (tedit 5B36C52B) (tstamp 5E3AEED0)
    (at 142.104 45.212)
    (descr "Capacitor SMD 0805 (2012 Metric), square (rectangular) end terminal, IPC_7351 nominal with elongated pad for handsoldering. (Body size source: https://docs.google.com/spreadsheets/d/1BsfQQcO9C6DZCsRaXUlFlo91Tg2WpOkGARC1WS5S8t0/edit?usp=sharing), generated with kicad-footprint-generator")
    (tags "inductor handsolder")
    (path /5E3AC496)
    (attr smd)
    (fp_text reference L4 (at 0 -1.65) (layer F.SilkS)
      (effects (font (size 1 1) (thickness 0.15)))
    )
    (fp_text value L_hold1.5 (at 0 1.65) (layer F.Fab)
      (effects (font (size 1 1) (thickness 0.15)))
    )
    (fp_line (start -1 0.6) (end -1 -0.6) (layer F.Fab) (width 0.1))
    (fp_line (start -1 -0.6) (end 1 -0.6) (layer F.Fab) (width 0.1))
    (fp_line (start 1 -0.6) (end 1 0.6) (layer F.Fab) (width 0.1))
    (fp_line (start 1 0.6) (end -1 0.6) (layer F.Fab) (width 0.1))
    (fp_line (start -0.261252 -0.71) (end 0.261252 -0.71) (layer F.SilkS) (width 0.12))
    (fp_line (start -0.261252 0.71) (end 0.261252 0.71) (layer F.SilkS) (width 0.12))
    (fp_line (start -1.85 0.95) (end -1.85 -0.95) (layer F.CrtYd) (width 0.05))
    (fp_line (start -1.85 -0.95) (end 1.85 -0.95) (layer F.CrtYd) (width 0.05))
    (fp_line (start 1.85 -0.95) (end 1.85 0.95) (layer F.CrtYd) (width 0.05))
    (fp_line (start 1.85 0.95) (end -1.85 0.95) (layer F.CrtYd) (width 0.05))
    (fp_text user %R (at 0 0) (layer F.Fab)
      (effects (font (size 0.5 0.5) (thickness 0.08)))
    )
    (pad 1 smd roundrect (at -1.025 0) (size 1.15 1.4) (layers F.Cu F.Paste F.Mask) (roundrect_rratio 0.217391)
      (net 2 "Net-(C1-Pad2)"))
    (pad 2 smd roundrect (at 1.025 0) (size 1.15 1.4) (layers F.Cu F.Paste F.Mask) (roundrect_rratio 0.217391)
      (net 3 "Net-(C2-Pad1)"))
    (model ${KISYS3DMOD}/Inductor_SMD.3dshapes/L_0805_2012Metric.wrl
      (at (xyz 0 0 0))
      (scale (xyz 1 1 1))
      (rotate (xyz 0 0 0))
    )
  )

  (gr_line (start 174.752 30.353) (end 115.697 30.226) (layer Edge.Cuts) (width 0.12))
  (gr_line (start 174.625 55.626) (end 174.752 30.353) (layer Edge.Cuts) (width 0.12))
  (gr_line (start 115.824 55.753) (end 174.625 55.626) (layer Edge.Cuts) (width 0.12))
  (gr_line (start 115.697 30.226) (end 115.824 55.753) (layer Edge.Cuts) (width 0.12))

  (segment (start 118.364 42.545) (end 125.857 42.545) (width 0.25) (layer F.Cu) (net 2))
  (segment (start 125.857 42.545) (end 129.667 42.545) (width 0.25) (layer F.Cu) (net 2))
  (segment (start 118.364 42.545) (end 120.154 42.545) (width 0.25) (layer F.Cu) (net 2))
  (segment (start 134.203 37.646) (end 134.203 37.175) (width 0.25) (layer F.Cu) (net 2))
  (segment (start 129.413 42.436) (end 134.203 37.646) (width 0.25) (layer F.Cu) (net 2))
  (segment (start 134.747 37.719) (end 134.203 37.175) (width 0.25) (layer F.Cu) (net 2))
  (segment (start 139.065 37.719) (end 134.747 37.719) (width 0.25) (layer F.Cu) (net 2))
  (segment (start 141.061 42.436) (end 141.079 42.418) (width 0.25) (layer F.Cu) (net 2))
  (segment (start 129.413 42.436) (end 141.061 42.436) (width 0.25) (layer F.Cu) (net 2))
  (segment (start 139.065 40.404) (end 141.079 42.418) (width 0.25) (layer F.Cu) (net 2))
  (segment (start 139.065 37.719) (end 139.065 40.404) (width 0.25) (layer F.Cu) (net 2))
  (segment (start 141.079 42.418) (end 141.079 45.212) (width 0.25) (layer F.Cu) (net 2))
  (segment (start 139.863 46.428) (end 141.079 45.212) (width 0.25) (layer F.Cu) (net 2))
  (segment (start 139.863 49.185) (end 139.863 46.428) (width 0.25) (layer F.Cu) (net 2))
  (segment (start 143.129 42.418) (end 144.018 42.418) (width 0.25) (layer F.Cu) (net 3))
  (segment (start 145.000472 40.546528) (end 143.129 42.418) (width 0.25) (layer F.Cu) (net 3))
  (segment (start 145.000472 37.719) (end 145.000472 40.546528) (width 0.25) (layer F.Cu) (net 3))
  (segment (start 143.129 42.418) (end 143.129 45.212) (width 0.25) (layer F.Cu) (net 3))
  (segment (start 151.366 42.418) (end 148.336 42.418) (width 0.25) (layer F.Cu) (net 3))
  (segment (start 148.336 42.418) (end 148.572 42.418) (width 0.25) (layer F.Cu) (net 3))
  (segment (start 143.129 42.418) (end 148.336 42.418) (width 0.25) (layer F.Cu) (net 3))
  (segment (start 149.225 40.277) (end 151.366 42.418) (width 0.25) (layer F.Cu) (net 3))
  (segment (start 149.225 37.719) (end 149.225 40.277) (width 0.25) (layer F.Cu) (net 3))
  (segment (start 151.366 45.203) (end 151.375 45.212) (width 0.25) (layer F.Cu) (net 3))
  (segment (start 151.366 42.418) (end 151.366 45.203) (width 0.25) (layer F.Cu) (net 3))
  (segment (start 144.363 46.446) (end 143.129 45.212) (width 0.25) (layer F.Cu) (net 3))
  (segment (start 144.363 49.185) (end 144.363 46.446) (width 0.25) (layer F.Cu) (net 3))
  (segment (start 150.277 46.31) (end 151.375 45.212) (width 0.25) (layer F.Cu) (net 3))
  (segment (start 150.277 49.185) (end 150.277 46.31) (width 0.25) (layer F.Cu) (net 3))
  (segment (start 153.416 45.203) (end 153.425 45.212) (width 0.25) (layer F.Cu) (net 4))
  (segment (start 153.416 42.418) (end 153.416 45.203) (width 0.25) (layer F.Cu) (net 4))
  (segment (start 154.777 46.564) (end 153.425 45.212) (width 0.25) (layer F.Cu) (net 4))
  (segment (start 154.777 49.185) (end 154.777 46.564) (width 0.25) (layer F.Cu) (net 4))
  (segment (start 155.160472 40.673528) (end 153.416 42.418) (width 0.25) (layer F.Cu) (net 4))
  (segment (start 155.160472 37.719) (end 155.160472 40.673528) (width 0.25) (layer F.Cu) (net 4))
  (segment (start 160.655 42.418) (end 160.782 42.545) (width 0.25) (layer F.Cu) (net 4))
  (segment (start 160.782 42.545) (end 163.576 42.545) (width 0.25) (layer F.Cu) (net 4))
  (segment (start 158.75 42.418) (end 160.655 42.418) (width 0.25) (layer F.Cu) (net 4))
  (segment (start 157.607 42.418) (end 157.226 42.418) (width 0.25) (layer F.Cu) (net 4))
  (segment (start 160.818 45.629) (end 157.607 42.418) (width 0.25) (layer F.Cu) (net 4))
  (segment (start 157.226 42.418) (end 158.75 42.418) (width 0.25) (layer F.Cu) (net 4))
  (segment (start 153.416 42.418) (end 157.226 42.418) (width 0.25) (layer F.Cu) (net 4))
  (segment (start 163.576 42.545) (end 171.831 42.545) (width 0.25) (layer F.Cu) (net 4))

  (zone (net 1) (net_name GND) (layer F.Cu) (tstamp 5E3AFA22) (hatch edge 0.508)
    (connect_pads (clearance 0.508))
    (min_thickness 0.254)
    (fill yes (arc_segments 16) (thermal_gap 0.508) (thermal_bridge_width 0.508))
    (polygon
      (pts
        (xy 114.681 25.781) (xy 114.681 60.071) (xy 183.261 60.071) (xy 183.261 25.781)
      )
    )
    (filled_polygon
      (pts
        (xy 139.924873 43.211436) (xy 140.119414 43.502586) (xy 140.319 43.635946) (xy 140.319001 43.994054) (xy 140.119414 44.127414)
        (xy 139.924873 44.418564) (xy 139.85656 44.761999) (xy 139.85656 45.359639) (xy 139.378528 45.837671) (xy 139.315072 45.880071)
        (xy 139.272672 45.943527) (xy 139.272671 45.943528) (xy 139.147097 46.131463) (xy 139.088112 46.428) (xy 139.103001 46.502852)
        (xy 139.103 47.86539) (xy 139.007654 47.904884) (xy 138.582884 48.329654) (xy 138.353 48.884642) (xy 138.353 49.485358)
        (xy 138.431552 49.675) (xy 138.142914 49.675) (xy 137.49604 49.942944) (xy 137.000944 50.43804) (xy 136.733 51.084914)
        (xy 136.733 51.785086) (xy 137.000944 52.43196) (xy 137.49604 52.927056) (xy 138.142914 53.195) (xy 138.431552 53.195)
        (xy 138.353 53.384642) (xy 138.353 53.985358) (xy 138.582884 54.540346) (xy 139.007654 54.965116) (xy 139.11047 55.007704)
        (xy 116.515543 55.056505) (xy 116.481331 48.18) (xy 118.07825 48.18) (xy 118.237 48.02125) (xy 118.237 46.922)
        (xy 118.491 46.922) (xy 118.491 48.02125) (xy 118.64975 48.18) (xy 121.03031 48.18) (xy 121.263699 48.083327)
        (xy 121.442327 47.904698) (xy 121.539 47.671309) (xy 121.539 47.08075) (xy 121.38025 46.922) (xy 118.491 46.922)
        (xy 118.237 46.922) (xy 118.217 46.922) (xy 118.217 46.668) (xy 118.237 46.668) (xy 118.237 45.56875)
