(kicad_pcb (version 20171130) (host pcbnew "(5.1.5)-3")

  (general
    (thickness 1.6)
    (drawings 6)
    (tracks 68)
    (zones 0)
    (modules 30)
    (nets 15)
  )

  (page A4)
  (layers
    (0 F.Cu signal)
    (31 B.Cu signal)
    (32 B.Adhes user)
    (33 F.Adhes user)
    (34 B.Paste user)
    (35 F.Paste user)
    (36 B.SilkS user hide)
    (37 F.SilkS user)
    (38 B.Mask user)
    (39 F.Mask user hide)
    (40 Dwgs.User user)
    (41 Cmts.User user)
    (42 Eco1.User user)
    (43 Eco2.User user)
    (44 Edge.Cuts user)
    (45 Margin user)
    (46 B.CrtYd user)
    (47 F.CrtYd user)
    (48 B.Fab user)
    (49 F.Fab user)
  )

  (setup
    (last_trace_width 0.25)
    (trace_clearance 0.1524)
    (zone_clearance 0.508)
    (zone_45_only no)
    (trace_min 0.2)
    (via_size 0.8)
    (via_drill 0.4)
    (via_min_size 0.4)
    (via_min_drill 0.3)
    (uvia_size 0.3)
    (uvia_drill 0.1)
    (uvias_allowed no)
    (uvia_min_size 0.2)
    (uvia_min_drill 0.1)
    (edge_width 0.15)
    (segment_width 0.2)
    (pcb_text_width 0.3)
    (pcb_text_size 1.5 1.5)
    (mod_edge_width 0.15)
    (mod_text_size 1 1)
    (mod_text_width 0.15)
    (pad_size 1.7 1.7)
    (pad_drill 1)
    (pad_to_mask_clearance 0.051)
    (solder_mask_min_width 0.25)
    (aux_axis_origin 0 0)
    (visible_elements 7FFDEFFF)
    (pcbplotparams
      (layerselection 0x01000_ffffffff)
      (usegerberextensions false)
      (usegerberattributes false)
      (usegerberadvancedattributes false)
      (creategerberjobfile false)
      (excludeedgelayer true)
      (linewidth 0.100000)
      (plotframeref false)
      (viasonmask false)
      (mode 1)
      (useauxorigin false)
      (hpglpennumber 1)
      (hpglpenspeed 20)
      (hpglpendiameter 15.000000)
      (psnegative false)
      (psa4output false)
      (plotreference true)
      (plotvalue true)
      (plotinvisibletext false)
      (padsonsilk false)
      (subtractmaskfromsilk false)
      (outputformat 1)
      (mirror false)
      (drillshape 0)
      (scaleselection 1)
      (outputdirectory "../../../../../../../../../../Volumes/USB30FD/Conner/PLL Op-Amp Test/"))
  )

  (net 0 "")
  (net 1 GND)
  (net 2 +5V)
  (net 3 -5V)
  (net 4 "Net-(C1-Pad2)")
  (net 5 "Net-(C1-Pad1)")
  (net 6 "Net-(C2-Pad1)")
  (net 7 "Net-(C3-Pad2)")
  (net 8 "Net-(C3-Pad1)")
  (net 9 "Net-(C8-Pad1)")
  (net 10 "Net-(C8-Pad2)")
  (net 11 "Net-(C9-Pad1)")
  (net 12 "Net-(C9-Pad2)")
  (net 13 "Net-(C14-Pad1)")
  (net 14 "Net-(J6-Pad1)")

  (net_class Default "This is the default net class."
    (clearance 0.1524)
    (trace_width 0.25)
    (via_dia 0.8)
    (via_drill 0.4)
    (uvia_dia 0.3)
    (uvia_drill 0.1)
    (add_net +5V)
    (add_net -5V)
    (add_net GND)
    (add_net "Net-(C1-Pad1)")
    (add_net "Net-(C1-Pad2)")
    (add_net "Net-(C14-Pad1)")
    (add_net "Net-(C2-Pad1)")
    (add_net "Net-(C3-Pad1)")
    (add_net "Net-(C3-Pad2)")
    (add_net "Net-(C8-Pad1)")
    (add_net "Net-(C8-Pad2)")
    (add_net "Net-(C9-Pad1)")
    (add_net "Net-(C9-Pad2)")
    (add_net "Net-(J6-Pad1)")
  )

  (module Connector_Coaxial:SMA_Amphenol_132289_EdgeMount (layer F.Cu) (tedit 5E601133) (tstamp 5E55D582)
    (at 50.51 50.82 180)
    (descr http://www.amphenolrf.com/132289.html)
    (tags SMA)
    (path /5E5B37F5)
    (attr smd)
    (fp_text reference J11 (at -3.96 -3 90) (layer F.SilkS)
      (effects (font (size 1 1) (thickness 0.15)))
    )
    (fp_text value Conn_Coaxial (at 5 6) (layer F.Fab)
      (effects (font (size 1 1) (thickness 0.15)))
    )
    (fp_line (start -1.91 5.08) (end 4.445 5.08) (layer F.Fab) (width 0.1))
    (fp_line (start -1.91 3.81) (end -1.91 5.08) (layer F.Fab) (width 0.1))
    (fp_line (start 2.54 3.81) (end -1.91 3.81) (layer F.Fab) (width 0.1))
    (fp_line (start 2.54 -3.81) (end 2.54 3.81) (layer F.Fab) (width 0.1))
    (fp_line (start -1.91 -3.81) (end 2.54 -3.81) (layer F.Fab) (width 0.1))
    (fp_line (start -1.91 -5.08) (end -1.91 -3.81) (layer F.Fab) (width 0.1))
    (fp_line (start -1.91 -5.08) (end 4.445 -5.08) (layer F.Fab) (width 0.1))
    (fp_line (start 4.445 -3.81) (end 4.445 -5.08) (layer F.Fab) (width 0.1))
    (fp_line (start 4.445 5.08) (end 4.445 3.81) (layer F.Fab) (width 0.1))
    (fp_line (start 13.97 3.81) (end 4.445 3.81) (layer F.Fab) (width 0.1))
    (fp_line (start 13.97 -3.81) (end 13.97 3.81) (layer F.Fab) (width 0.1))
    (fp_line (start 4.445 -3.81) (end 13.97 -3.81) (layer F.Fab) (width 0.1))
    (fp_line (start -3.04 5.58) (end -3.04 -5.58) (layer B.CrtYd) (width 0.05))
    (fp_line (start 14.47 5.58) (end -3.04 5.58) (layer B.CrtYd) (width 0.05))
    (fp_line (start 14.47 -5.58) (end 14.47 5.58) (layer B.CrtYd) (width 0.05))
    (fp_line (start 14.47 -5.58) (end -3.04 -5.58) (layer B.CrtYd) (width 0.05))
    (fp_line (start -3.04 5.58) (end -3.04 -5.58) (layer F.CrtYd) (width 0.05))
    (fp_line (start 14.47 5.58) (end -3.04 5.58) (layer F.CrtYd) (width 0.05))
    (fp_line (start 14.47 -5.58) (end 14.47 5.58) (layer F.CrtYd) (width 0.05))
    (fp_line (start 14.47 -5.58) (end -3.04 -5.58) (layer F.CrtYd) (width 0.05))
    (fp_text user %R (at 4.79 0 270) (layer F.Fab)
      (effects (font (size 1 1) (thickness 0.15)))
    )
    (fp_line (start 2.54 -0.75) (end 3.54 0) (layer F.Fab) (width 0.1))
    (fp_line (start 3.54 0) (end 2.54 0.75) (layer F.Fab) (width 0.1))
    (fp_line (start -3.21 0) (end -3.71 -0.25) (layer F.SilkS) (width 0.12))
    (fp_line (start -3.71 -0.25) (end -3.71 0.25) (layer F.SilkS) (width 0.12))
    (fp_line (start -3.71 0.25) (end -3.21 0) (layer F.SilkS) (width 0.12))
    (pad 1 smd rect (at 0 0 270) (size 1.5 5.08) (layers F.Cu F.Paste F.Mask)
      (net 9 "Net-(C8-Pad1)"))
    (pad 2 smd rect (at 0 -4.25 270) (size 1.5 5.08) (layers F.Cu F.Paste F.Mask)
      (net 1 GND))
    (pad 2 smd rect (at 0 4.25 270) (size 1.5 5.08) (layers F.Cu F.Paste F.Mask)
      (net 1 GND))
    (pad 2 smd rect (at 0 -4.25 270) (size 1.5 5.08) (layers F.Cu B.Paste B.Mask)
      (net 1 GND))
    (pad 2 smd rect (at 0 4.25 270) (size 1.5 5.08) (layers F.Cu B.Paste B.Mask)
      (net 1 GND))
    (model ${KISYS3DMOD}/Connector_Coaxial.3dshapes/SMA_Amphenol_132289_EdgeMount.wrl
      (at (xyz 0 0 0))
      (scale (xyz 1 1 1))
      (rotate (xyz 0 0 0))
    )
  )

  (module Resistor_SMD:R_0805_2012Metric_Pad1.15x1.40mm_HandSolder (layer F.Cu) (tedit 5E60156E) (tstamp 5E5B7DD5)
    (at 88.9 55.145 270)
    (descr "Resistor SMD 0805 (2012 Metric), square (rectangular) end terminal, IPC_7351 nominal with elongated pad for handsoldering. (Body size source: https://docs.google.com/spreadsheets/d/1BsfQQcO9C6DZCsRaXUlFlo91Tg2WpOkGARC1WS5S8t0/edit?usp=sharing), generated with kicad-footprint-generator")
    (tags "resistor handsolder")
    (path /5E5D8E8D)
    (attr smd)
    (fp_text reference R16 (at 0 -1.65 90) (layer F.SilkS)
      (effects (font (size 1 1) (thickness 0.15)))
    )
    (fp_text value 1k (at 0 1.65 90) (layer F.Fab)
      (effects (font (size 1 1) (thickness 0.15)))
    )
    (fp_text user %R (at 0 0 90) (layer F.Fab)
      (effects (font (size 0.5 0.5) (thickness 0.08)))
    )
    (fp_line (start 1.85 0.95) (end -1.85 0.95) (layer F.CrtYd) (width 0.05))
    (fp_line (start 1.85 -0.95) (end 1.85 0.95) (layer F.CrtYd) (width 0.05))
    (fp_line (start -1.85 -0.95) (end 1.85 -0.95) (layer F.CrtYd) (width 0.05))
    (fp_line (start -1.85 0.95) (end -1.85 -0.95) (layer F.CrtYd) (width 0.05))
    (fp_line (start -0.261252 0.71) (end 0.261252 0.71) (layer F.SilkS) (width 0.12))
    (fp_line (start -0.261252 -0.71) (end 0.261252 -0.71) (layer F.SilkS) (width 0.12))
    (fp_line (start 1 0.6) (end -1 0.6) (layer F.Fab) (width 0.1))
    (fp_line (start 1 -0.6) (end 1 0.6) (layer F.Fab) (width 0.1))
    (fp_line (start -1 -0.6) (end 1 -0.6) (layer F.Fab) (width 0.1))
    (fp_line (start -1 0.6) (end -1 -0.6) (layer F.Fab) (width 0.1))
    (pad 2 smd roundrect (at 1.025 0 270) (size 1.15 1.4) (layers F.Cu F.Paste F.Mask) (roundrect_rratio 0.217)
      (net 13 "Net-(C14-Pad1)"))
    (pad 1 smd roundrect (at -1.025 0 270) (size 1.15 1.4) (layers F.Cu F.Paste F.Mask) (roundrect_rratio 0.217)
      (net 12 "Net-(C9-Pad2)"))
    (model ${KISYS3DMOD}/Resistor_SMD.3dshapes/R_0805_2012Metric.wrl
      (at (xyz 0 0 0))
      (scale (xyz 1 1 1))
      (rotate (xyz 0 0 0))
    )
  )

  (module Connector_PinHeader_2.54mm:PinHeader_1x02_P2.54mm_Vertical (layer F.Cu) (tedit 59FED5CC) (tstamp 5E55D056)
    (at 89.61 66.05 90)
    (descr "Through hole straight pin header, 1x02, 2.54mm pitch, single row")
    (tags "Through hole pin header THT 1x02 2.54mm single row")
    (path /5E5E33D0)
    (fp_text reference J6 (at 0 -2.33 90) (layer F.SilkS)
      (effects (font (size 1 1) (thickness 0.15)))
    )
    (fp_text value Conn_01x02_Male (at 0 4.87 90) (layer F.Fab)
      (effects (font (size 1 1) (thickness 0.15)))
    )
    (fp_line (start -0.635 -1.27) (end 1.27 -1.27) (layer F.Fab) (width 0.1))
    (fp_line (start 1.27 -1.27) (end 1.27 3.81) (layer F.Fab) (width 0.1))
    (fp_line (start 1.27 3.81) (end -1.27 3.81) (layer F.Fab) (width 0.1))
    (fp_line (start -1.27 3.81) (end -1.27 -0.635) (layer F.Fab) (width 0.1))
    (fp_line (start -1.27 -0.635) (end -0.635 -1.27) (layer F.Fab) (width 0.1))
    (fp_line (start -1.33 3.87) (end 1.33 3.87) (layer F.SilkS) (width 0.12))
    (fp_line (start -1.33 1.27) (end -1.33 3.87) (layer F.SilkS) (width 0.12))
    (fp_line (start 1.33 1.27) (end 1.33 3.87) (layer F.SilkS) (width 0.12))
    (fp_line (start -1.33 1.27) (end 1.33 1.27) (layer F.SilkS) (width 0.12))
    (fp_line (start -1.33 0) (end -1.33 -1.33) (layer F.SilkS) (width 0.12))
    (fp_line (start -1.33 -1.33) (end 0 -1.33) (layer F.SilkS) (width 0.12))
    (fp_line (start -1.8 -1.8) (end -1.8 4.35) (layer F.CrtYd) (width 0.05))
    (fp_line (start -1.8 4.35) (end 1.8 4.35) (layer F.CrtYd) (width 0.05))
    (fp_line (start 1.8 4.35) (end 1.8 -1.8) (layer F.CrtYd) (width 0.05))
    (fp_line (start 1.8 -1.8) (end -1.8 -1.8) (layer F.CrtYd) (width 0.05))
    (fp_text user %R (at 0 1.27) (layer F.Fab)
      (effects (font (size 1 1) (thickness 0.15)))
    )
    (pad 1 thru_hole rect (at 0 0 90) (size 1.7 1.7) (drill 1) (layers *.Cu *.Mask)
      (net 14 "Net-(J6-Pad1)"))
    (pad 2 thru_hole oval (at 0 2.54 90) (size 1.7 1.7) (drill 1) (layers *.Cu *.Mask)
      (net 1 GND))
    (model ${KISYS3DMOD}/Connector_PinHeader_2.54mm.3dshapes/PinHeader_1x02_P2.54mm_Vertical.wrl
      (at (xyz 0 0 0))
      (scale (xyz 1 1 1))
      (rotate (xyz 0 0 0))
    )
  )

  (module Connector_PinHeader_2.54mm:PinHeader_1x03_P2.54mm_Vertical (layer F.Cu) (tedit 5E601AD5) (tstamp 5E55D06D)
    (at 72.66 57.35 180)
    (descr "Through hole straight pin header, 1x03, 2.54mm pitch, single row")
    (tags "Through hole pin header THT 1x03 2.54mm single row")
    (path /5E57360C)
    (fp_text reference J9 (at 0 -2.33) (layer F.SilkS)
      (effects (font (size 1 1) (thickness 0.15)))
    )
    (fp_text value Conn_01x03_Male (at 0 7.41) (layer F.Fab)
      (effects (font (size 1 1) (thickness 0.15)))
    )
    (fp_line (start -0.635 -1.27) (end 1.27 -1.27) (layer F.Fab) (width 0.1))
    (fp_line (start 1.27 -1.27) (end 1.27 6.35) (layer F.Fab) (width 0.1))
    (fp_line (start 1.27 6.35) (end -1.27 6.35) (layer F.Fab) (width 0.1))
    (fp_line (start -1.27 6.35) (end -1.27 -0.635) (layer F.Fab) (width 0.1))
    (fp_line (start -1.27 -0.635) (end -0.635 -1.27) (layer F.Fab) (width 0.1))
    (fp_line (start -1.33 6.41) (end 1.33 6.41) (layer F.SilkS) (width 0.12))
    (fp_line (start -1.33 1.27) (end -1.33 6.41) (layer F.SilkS) (width 0.12))
    (fp_line (start 1.33 1.27) (end 1.33 6.41) (layer F.SilkS) (width 0.12))
    (fp_line (start -1.33 1.27) (end 1.33 1.27) (layer F.SilkS) (width 0.12))
    (fp_line (start -1.33 0) (end -1.33 -1.33) (layer F.SilkS) (width 0.12))
    (fp_line (start -1.33 -1.33) (end 0 -1.33) (layer F.SilkS) (width 0.12))
    (fp_line (start -1.8 -1.8) (end -1.8 6.85) (layer F.CrtYd) (width 0.05))
    (fp_line (start -1.8 6.85) (end 1.8 6.85) (layer F.CrtYd) (width 0.05))
    (fp_line (start 1.8 6.85) (end 1.8 -1.8) (layer F.CrtYd) (width 0.05))
    (fp_line (start 1.8 -1.8) (end -1.8 -1.8) (layer F.CrtYd) (width 0.05))
    (fp_text user %R (at 0 2.54 90) (layer F.Fab)
      (effects (font (size 1 1) (thickness 0.15)))
    )
    (pad 1 thru_hole rect (at 0 0 180) (size 1.7 1.7) (drill 1) (layers *.Mask B.Cu)
      (net 2 +5V))
    (pad 2 thru_hole oval (at 0 2.54 180) (size 1.7 1.7) (drill 1) (layers *.Cu *.Mask)
      (net 1 GND))
    (pad 3 thru_hole oval (at 0 5.08 180) (size 1.7 1.7) (drill 1) (layers *.Mask B.Cu)
      (net 3 -5V))
    (model ${KISYS3DMOD}/Connector_PinHeader_2.54mm.3dshapes/PinHeader_1x03_P2.54mm_Vertical.wrl
      (at (xyz 0 0 0))
      (scale (xyz 1 1 1))
      (rotate (xyz 0 0 0))
    )
  )

  (module Resistor_SMD:R_0805_2012Metric_Pad1.15x1.40mm_HandSolder (layer F.Cu) (tedit 5E601650) (tstamp 5E55D07E)
    (at 89.61 61.955 270)
    (descr "Resistor SMD 0805 (2012 Metric), square (rectangular) end terminal, IPC_7351 nominal with elongated pad for handsoldering. (Body size source: https://docs.google.com/spreadsheets/d/1BsfQQcO9C6DZCsRaXUlFlo91Tg2WpOkGARC1WS5S8t0/edit?usp=sharing), generated with kicad-footprint-generator")
    (tags "resistor handsolder")
    (path /5E5E2D3B)
    (attr smd)
    (fp_text reference R5 (at 0 -1.65 90) (layer F.SilkS)
      (effects (font (size 1 1) (thickness 0.15)))
    )
    (fp_text value 1k (at 0 1.65 90) (layer F.Fab)
      (effects (font (size 1 1) (thickness 0.15)))
    )
    (fp_line (start -1 0.6) (end -1 -0.6) (layer F.Fab) (width 0.1))
    (fp_line (start -1 -0.6) (end 1 -0.6) (layer F.Fab) (width 0.1))
    (fp_line (start 1 -0.6) (end 1 0.6) (layer F.Fab) (width 0.1))
    (fp_line (start 1 0.6) (end -1 0.6) (layer F.Fab) (width 0.1))
    (fp_line (start -0.261252 -0.71) (end 0.261252 -0.71) (layer F.SilkS) (width 0.12))
    (fp_line (start -0.261252 0.71) (end 0.261252 0.71) (layer F.SilkS) (width 0.12))
    (fp_line (start -1.85 0.95) (end -1.85 -0.95) (layer F.CrtYd) (width 0.05))
    (fp_line (start -1.85 -0.95) (end 1.85 -0.95) (layer F.CrtYd) (width 0.05))
    (fp_line (start 1.85 -0.95) (end 1.85 0.95) (layer F.CrtYd) (width 0.05))
    (fp_line (start 1.85 0.95) (end -1.85 0.95) (layer F.CrtYd) (width 0.05))
    (fp_text user %R (at 0 0 90) (layer F.Fab)
      (effects (font (size 0.5 0.5) (thickness 0.08)))
    )
    (pad 1 smd roundrect (at -1.025 0 270) (size 1.15 1.4) (layers F.Cu F.Paste F.Mask) (roundrect_rratio 0.217)
      (net 13 "Net-(C14-Pad1)"))
    (pad 2 smd roundrect (at 1.025 0 270) (size 1.15 1.4) (layers F.Cu F.Paste F.Mask) (roundrect_rratio 0.217)
      (net 14 "Net-(J6-Pad1)"))
    (model ${KISYS3DMOD}/Resistor_SMD.3dshapes/R_0805_2012Metric.wrl
      (at (xyz 0 0 0))
      (scale (xyz 1 1 1))
      (rotate (xyz 0 0 0))
    )
  )

  (module Resistor_SMD:R_0805_2012Metric_Pad1.15x1.40mm_HandSolder (layer F.Cu) (tedit 5E601646) (tstamp 5E55D08F)
    (at 100.705 60.93)
    (descr "Resistor SMD 0805 (2012 Metric), square (rectangular) end terminal, IPC_7351 nominal with elongated pad for handsoldering. (Body size source: https://docs.google.com/spreadsheets/d/1BsfQQcO9C6DZCsRaXUlFlo91Tg2WpOkGARC1WS5S8t0/edit?usp=sharing), generated with kicad-footprint-generator")
    (tags "resistor handsolder")
    (path /5E5C96C2)
    (attr smd)
    (fp_text reference R13 (at 0 -1.65) (layer F.SilkS)
      (effects (font (size 1 1) (thickness 0.15)))
    )
    (fp_text value 1k (at 0 1.65) (layer F.Fab)
      (effects (font (size 1 1) (thickness 0.15)))
    )
    (fp_line (start -1 0.6) (end -1 -0.6) (layer F.Fab) (width 0.1))
    (fp_line (start -1 -0.6) (end 1 -0.6) (layer F.Fab) (width 0.1))
    (fp_line (start 1 -0.6) (end 1 0.6) (layer F.Fab) (width 0.1))
    (fp_line (start 1 0.6) (end -1 0.6) (layer F.Fab) (width 0.1))
    (fp_line (start -0.261252 -0.71) (end 0.261252 -0.71) (layer F.SilkS) (width 0.12))
    (fp_line (start -0.261252 0.71) (end 0.261252 0.71) (layer F.SilkS) (width 0.12))
    (fp_line (start -1.85 0.95) (end -1.85 -0.95) (layer F.CrtYd) (width 0.05))
    (fp_line (start -1.85 -0.95) (end 1.85 -0.95) (layer F.CrtYd) (width 0.05))
    (fp_line (start 1.85 -0.95) (end 1.85 0.95) (layer F.CrtYd) (width 0.05))
    (fp_line (start 1.85 0.95) (end -1.85 0.95) (layer F.CrtYd) (width 0.05))
    (fp_text user %R (at 0 0) (layer F.Fab)
      (effects (font (size 0.5 0.5) (thickness 0.08)))
    )
    (pad 1 smd roundrect (at -1.025 0) (size 1.15 1.4) (layers F.Cu F.Paste F.Mask) (roundrect_rratio 0.217)
      (net 13 "Net-(C14-Pad1)"))
    (pad 2 smd roundrect (at 1.025 0) (size 1.15 1.4) (layers F.Cu F.Paste F.Mask) (roundrect_rratio 0.217)
      (net 5 "Net-(C1-Pad1)"))
    (model ${KISYS3DMOD}/Resistor_SMD.3dshapes/R_0805_2012Metric.wrl
      (at (xyz 0 0 0))
      (scale (xyz 1 1 1))
      (rotate (xyz 0 0 0))
    )
  )

  (module Resistor_SMD:R_0805_2012Metric_Pad1.15x1.40mm_HandSolder (layer F.Cu) (tedit 5E600F0F) (tstamp 5E55D0A0)
    (at 69.26 49.79 270)
    (descr "Resistor SMD 0805 (2012 Metric), square (rectangular) end terminal, IPC_7351 nominal with elongated pad for handsoldering. (Body size source: https://docs.google.com/spreadsheets/d/1BsfQQcO9C6DZCsRaXUlFlo91Tg2WpOkGARC1WS5S8t0/edit?usp=sharing), generated with kicad-footprint-generator")
    (tags "resistor handsolder")
    (path /5E5AB6E7)
    (attr smd)
    (fp_text reference R15 (at 0 -1.65 90) (layer F.SilkS)
      (effects (font (size 1 1) (thickness 0.15)))
    )
    (fp_text value 1k (at 0 1.65 90) (layer F.Fab)
      (effects (font (size 1 1) (thickness 0.15)))
    )
    (fp_line (start -1 0.6) (end -1 -0.6) (layer F.Fab) (width 0.1))
    (fp_line (start -1 -0.6) (end 1 -0.6) (layer F.Fab) (width 0.1))
    (fp_line (start 1 -0.6) (end 1 0.6) (layer F.Fab) (width 0.1))
    (fp_line (start 1 0.6) (end -1 0.6) (layer F.Fab) (width 0.1))
    (fp_line (start -0.261252 -0.71) (end 0.261252 -0.71) (layer F.SilkS) (width 0.12))
    (fp_line (start -0.261252 0.71) (end 0.261252 0.71) (layer F.SilkS) (width 0.12))
    (fp_line (start -1.85 0.95) (end -1.85 -0.95) (layer F.CrtYd) (width 0.05))
    (fp_line (start -1.85 -0.95) (end 1.85 -0.95) (layer F.CrtYd) (width 0.05))
    (fp_line (start 1.85 -0.95) (end 1.85 0.95) (layer F.CrtYd) (width 0.05))
    (fp_line (start 1.85 0.95) (end -1.85 0.95) (layer F.CrtYd) (width 0.05))
    (fp_text user %R (at 0 0 90) (layer F.Fab)
      (effects (font (size 0.5 0.5) (thickness 0.08)))
    )
    (pad 1 smd roundrect (at -1.025 0 270) (size 1.15 1.4) (layers F.Cu F.Paste F.Mask) (roundrect_rratio 0.217)
      (net 8 "Net-(C3-Pad1)"))
    (pad 2 smd roundrect (at 1.025 0 270) (size 1.15 1.4) (layers F.Cu F.Paste F.Mask) (roundrect_rratio 0.217)
      (net 6 "Net-(C2-Pad1)"))
    (model ${KISYS3DMOD}/Resistor_SMD.3dshapes/R_0805_2012Metric.wrl
      (at (xyz 0 0 0))
      (scale (xyz 1 1 1))
      (rotate (xyz 0 0 0))
    )
  )

  (module Resistor_SMD:R_0805_2012Metric_Pad1.15x1.40mm_HandSolder (layer F.Cu) (tedit 5E60109A) (tstamp 5E55D0C2)
    (at 65.51 50.8)
    (descr "Resistor SMD 0805 (2012 Metric), square (rectangular) end terminal, IPC_7351 nominal with elongated pad for handsoldering. (Body size source: https://docs.google.com/spreadsheets/d/1BsfQQcO9C6DZCsRaXUlFlo91Tg2WpOkGARC1WS5S8t0/edit?usp=sharing), generated with kicad-footprint-generator")
    (tags "resistor handsolder")
    (path /5E5AD2CA)
    (attr smd)
    (fp_text reference R17 (at 0 -1.65) (layer F.SilkS)
      (effects (font (size 1 1) (thickness 0.15)))
    )
    (fp_text value 1k (at 0 1.65) (layer F.Fab)
      (effects (font (size 1 1) (thickness 0.15)))
    )
    (fp_text user %R (at 0 0) (layer F.Fab)
      (effects (font (size 0.5 0.5) (thickness 0.08)))
    )
    (fp_line (start 1.85 0.95) (end -1.85 0.95) (layer F.CrtYd) (width 0.05))
    (fp_line (start 1.85 -0.95) (end 1.85 0.95) (layer F.CrtYd) (width 0.05))
    (fp_line (start -1.85 -0.95) (end 1.85 -0.95) (layer F.CrtYd) (width 0.05))
    (fp_line (start -1.85 0.95) (end -1.85 -0.95) (layer F.CrtYd) (width 0.05))
    (fp_line (start -0.261252 0.71) (end 0.261252 0.71) (layer F.SilkS) (width 0.12))
    (fp_line (start -0.261252 -0.71) (end 0.261252 -0.71) (layer F.SilkS) (width 0.12))
    (fp_line (start 1 0.6) (end -1 0.6) (layer F.Fab) (width 0.1))
    (fp_line (start 1 -0.6) (end 1 0.6) (layer F.Fab) (width 0.1))
    (fp_line (start -1 -0.6) (end 1 -0.6) (layer F.Fab) (width 0.1))
    (fp_line (start -1 0.6) (end -1 -0.6) (layer F.Fab) (width 0.1))
    (pad 2 smd roundrect (at 1.025 0) (size 1.15 1.4) (layers F.Cu F.Paste F.Mask) (roundrect_rratio 0.217)
      (net 6 "Net-(C2-Pad1)"))
    (pad 1 smd roundrect (at -1.025 0) (size 1.15 1.4) (layers F.Cu F.Paste F.Mask) (roundrect_rratio 0.217)
      (net 10 "Net-(C8-Pad2)"))
    (model ${KISYS3DMOD}/Resistor_SMD.3dshapes/R_0805_2012Metric.wrl
      (at (xyz 0 0 0))
      (scale (xyz 1 1 1))
      (rotate (xyz 0 0 0))
    )
  )

  (module Package_TO_SOT_SMD:TSOT-23-6 (layer F.Cu) (tedit 5A02FF57) (tstamp 5E55D0D8)
    (at 93.07 54.87 270)
    (descr "6-pin TSOT23 package, http://cds.linear.com/docs/en/packaging/SOT_6_05-08-1636.pdf")
    (tags "TSOT-23-6 MK06A TSOT-6")
    (path /5E5688E0)
    (attr smd)
    (fp_text reference U3 (at 0 -2.45 90) (layer F.SilkS)
      (effects (font (size 1 1) (thickness 0.15)))
    )
    (fp_text value LMH6611 (at 0 2.5 90) (layer F.Fab)
      (effects (font (size 1 1) (thickness 0.15)))
    )
    (fp_text user %R (at 0 0) (layer F.Fab)
      (effects (font (size 0.5 0.5) (thickness 0.075)))
    )
    (fp_line (start -0.88 1.56) (end 0.88 1.56) (layer F.SilkS) (width 0.12))
    (fp_line (start 0.88 -1.51) (end -1.55 -1.51) (layer F.SilkS) (width 0.12))
    (fp_line (start -0.88 -1) (end -0.43 -1.45) (layer F.Fab) (width 0.1))
    (fp_line (start 0.88 -1.45) (end -0.43 -1.45) (layer F.Fab) (width 0.1))
    (fp_line (start -0.88 -1) (end -0.88 1.45) (layer F.Fab) (width 0.1))
    (fp_line (start 0.88 1.45) (end -0.88 1.45) (layer F.Fab) (width 0.1))
    (fp_line (start 0.88 -1.45) (end 0.88 1.45) (layer F.Fab) (width 0.1))
    (fp_line (start -2.17 -1.7) (end 2.17 -1.7) (layer F.CrtYd) (width 0.05))
    (fp_line (start -2.17 -1.7) (end -2.17 1.7) (layer F.CrtYd) (width 0.05))
    (fp_line (start 2.17 1.7) (end 2.17 -1.7) (layer F.CrtYd) (width 0.05))
    (fp_line (start 2.17 1.7) (end -2.17 1.7) (layer F.CrtYd) (width 0.05))
    (pad 1 smd rect (at -1.31 -0.95 270) (size 1.22 0.65) (layers F.Cu F.Paste F.Mask)
      (net 4 "Net-(C1-Pad2)"))
    (pad 2 smd rect (at -1.31 0 270) (size 1.22 0.65) (layers F.Cu F.Paste F.Mask)
      (net 3 -5V))
    (pad 3 smd rect (at -1.31 0.95 270) (size 1.22 0.65) (layers F.Cu F.Paste F.Mask)
      (net 1 GND))
    (pad 4 smd rect (at 1.31 0.95 270) (size 1.22 0.65) (layers F.Cu F.Paste F.Mask)
      (net 13 "Net-(C14-Pad1)"))
    (pad 5 smd rect (at 1.31 0 270) (size 1.22 0.65) (layers F.Cu F.Paste F.Mask))
    (pad 6 smd rect (at 1.31 -0.95 270) (size 1.22 0.65) (layers F.Cu F.Paste F.Mask)
      (net 2 +5V))
    (model ${KISYS3DMOD}/Package_TO_SOT_SMD.3dshapes/TSOT-23-6.wrl
      (at (xyz 0 0 0))
      (scale (xyz 1 1 1))
      (rotate (xyz 0 0 0))
    )
  )

  (module Package_TO_SOT_SMD:TSOT-23-6 (layer F.Cu) (tedit 5A02FF57) (tstamp 5E55D0EE)
    (at 79.52 54.78 270)
    (descr "6-pin TSOT23 package, http://cds.linear.com/docs/en/packaging/SOT_6_05-08-1636.pdf")
    (tags "TSOT-23-6 MK06A TSOT-6")
    (path /5E55DBE3)
    (attr smd)
    (fp_text reference U4 (at 0 -2.45 90) (layer F.SilkS)
      (effects (font (size 1 1) (thickness 0.15)))
    )
    (fp_text value LMH6611 (at 0 2.5 90) (layer F.Fab)
      (effects (font (size 1 1) (thickness 0.15)))
    )
    (fp_line (start 2.17 1.7) (end -2.17 1.7) (layer F.CrtYd) (width 0.05))
    (fp_line (start 2.17 1.7) (end 2.17 -1.7) (layer F.CrtYd) (width 0.05))
    (fp_line (start -2.17 -1.7) (end -2.17 1.7) (layer F.CrtYd) (width 0.05))
    (fp_line (start -2.17 -1.7) (end 2.17 -1.7) (layer F.CrtYd) (width 0.05))
    (fp_line (start 0.88 -1.45) (end 0.88 1.45) (layer F.Fab) (width 0.1))
    (fp_line (start 0.88 1.45) (end -0.88 1.45) (layer F.Fab) (width 0.1))
    (fp_line (start -0.88 -1) (end -0.88 1.45) (layer F.Fab) (width 0.1))
    (fp_line (start 0.88 -1.45) (end -0.43 -1.45) (layer F.Fab) (width 0.1))
    (fp_line (start -0.88 -1) (end -0.43 -1.45) (layer F.Fab) (width 0.1))
    (fp_line (start 0.88 -1.51) (end -1.55 -1.51) (layer F.SilkS) (width 0.12))
    (fp_line (start -0.88 1.56) (end 0.88 1.56) (layer F.SilkS) (width 0.12))
    (fp_text user %R (at 0.06 -0.02) (layer F.Fab)
      (effects (font (size 0.5 0.5) (thickness 0.075)))
    )
    (pad 6 smd rect (at 1.31 -0.95 270) (size 1.22 0.65) (layers F.Cu F.Paste F.Mask)
      (net 2 +5V))
    (pad 5 smd rect (at 1.31 0 270) (size 1.22 0.65) (layers F.Cu F.Paste F.Mask))
    (pad 4 smd rect (at 1.31 0.95 270) (size 1.22 0.65) (layers F.Cu F.Paste F.Mask)
      (net 6 "Net-(C2-Pad1)"))
    (pad 3 smd rect (at -1.31 0.95 270) (size 1.22 0.65) (layers F.Cu F.Paste F.Mask)
      (net 1 GND))
    (pad 2 smd rect (at -1.31 0 270) (size 1.22 0.65) (layers F.Cu F.Paste F.Mask)
      (net 3 -5V))
    (pad 1 smd rect (at -1.31 -0.95 270) (size 1.22 0.65) (layers F.Cu F.Paste F.Mask)
      (net 7 "Net-(C3-Pad2)"))
    (model ${KISYS3DMOD}/Package_TO_SOT_SMD.3dshapes/TSOT-23-6.wrl
      (at (xyz 0 0 0))
      (scale (xyz 1 1 1))
      (rotate (xyz 0 0 0))
    )
  )

  (module Connector_Coaxial:SMA_Amphenol_132289_EdgeMount (layer F.Cu) (tedit 5E600EBB) (tstamp 5E605DAF)
    (at 107.59 50.47)
    (descr http://www.amphenolrf.com/132289.html)
    (tags SMA)
    (path /5E60E07C)
    (attr smd)
    (fp_text reference J1 (at -3.96 -3 90) (layer F.SilkS)
      (effects (font (size 1 1) (thickness 0.15)))
    )
    (fp_text value Conn_Coaxial (at 5 6) (layer F.Fab)
      (effects (font (size 1 1) (thickness 0.15)))
    )
    (fp_line (start -1.91 5.08) (end 4.445 5.08) (layer F.Fab) (width 0.1))
    (fp_line (start -1.91 3.81) (end -1.91 5.08) (layer F.Fab) (width 0.1))
    (fp_line (start 2.54 3.81) (end -1.91 3.81) (layer F.Fab) (width 0.1))
    (fp_line (start 2.54 -3.81) (end 2.54 3.81) (layer F.Fab) (width 0.1))
    (fp_line (start -1.91 -3.81) (end 2.54 -3.81) (layer F.Fab) (width 0.1))
    (fp_line (start -1.91 -5.08) (end -1.91 -3.81) (layer F.Fab) (width 0.1))
    (fp_line (start -1.91 -5.08) (end 4.445 -5.08) (layer F.Fab) (width 0.1))
    (fp_line (start 4.445 -3.81) (end 4.445 -5.08) (layer F.Fab) (width 0.1))
    (fp_line (start 4.445 5.08) (end 4.445 3.81) (layer F.Fab) (width 0.1))
    (fp_line (start 13.97 3.81) (end 4.445 3.81) (layer F.Fab) (width 0.1))
    (fp_line (start 13.97 -3.81) (end 13.97 3.81) (layer F.Fab) (width 0.1))
    (fp_line (start 4.445 -3.81) (end 13.97 -3.81) (layer F.Fab) (width 0.1))
    (fp_line (start -3.04 5.58) (end -3.04 -5.58) (layer B.CrtYd) (width 0.05))
    (fp_line (start 14.47 5.58) (end -3.04 5.58) (layer B.CrtYd) (width 0.05))
    (fp_line (start 14.47 -5.58) (end 14.47 5.58) (layer B.CrtYd) (width 0.05))
    (fp_line (start 14.47 -5.58) (end -3.04 -5.58) (layer B.CrtYd) (width 0.05))
    (fp_line (start -3.04 5.58) (end -3.04 -5.58) (layer F.CrtYd) (width 0.05))
    (fp_line (start 14.47 5.58) (end -3.04 5.58) (layer F.CrtYd) (width 0.05))
    (fp_line (start 14.47 -5.58) (end 14.47 5.58) (layer F.CrtYd) (width 0.05))
    (fp_line (start 14.47 -5.58) (end -3.04 -5.58) (layer F.CrtYd) (width 0.05))
    (fp_text user %R (at 4.79 0 270) (layer F.Fab)
      (effects (font (size 1 1) (thickness 0.15)))
    )
    (fp_line (start 2.54 -0.75) (end 3.54 0) (layer F.Fab) (width 0.1))
    (fp_line (start 3.54 0) (end 2.54 0.75) (layer F.Fab) (width 0.1))
    (fp_line (start -3.21 0) (end -3.71 -0.25) (layer F.SilkS) (width 0.12))
    (fp_line (start -3.71 -0.25) (end -3.71 0.25) (layer F.SilkS) (width 0.12))
    (fp_line (start -3.71 0.25) (end -3.21 0) (layer F.SilkS) (width 0.12))
    (pad 1 smd rect (at 0 0 90) (size 1.5 5.08) (layers F.Cu F.Paste F.Mask)
      (net 4 "Net-(C1-Pad2)"))
    (pad 2 smd rect (at 0 -4.25 90) (size 1.5 5.08) (layers F.Cu F.Paste F.Mask)
      (net 1 GND))
    (pad 2 smd rect (at 0 4.25 90) (size 1.5 5.08) (layers F.Cu F.Paste F.Mask)
      (net 1 GND))
    (pad 2 smd rect (at 0 -4.25 90) (size 1.5 5.08) (layers F.Cu B.Paste B.Mask)
      (net 1 GND))
    (pad 2 smd rect (at 0 4.25 90) (size 1.5 5.08) (layers F.Cu B.Paste B.Mask)
      (net 1 GND))
    (model ${KISYS3DMOD}/Connector_Coaxial.3dshapes/SMA_Amphenol_132289_EdgeMount.wrl
      (at (xyz 0 0 0))
      (scale (xyz 1 1 1))
      (rotate (xyz 0 0 0))
    )
  )

  (module Connector_Coaxial:SMA_Amphenol_132289_EdgeMount (layer F.Cu) (tedit 5E600FAA) (tstamp 5E605DF3)
    (at 82.92 36.48 90)
    (descr http://www.amphenolrf.com/132289.html)
    (tags SMA)
    (path /5E60BB7D)
    (attr smd)
    (fp_text reference J2 (at -3.96 -3) (layer F.SilkS)
      (effects (font (size 1 1) (thickness 0.15)))
    )
    (fp_text value Conn_Coaxial (at 5 6 90) (layer F.Fab)
      (effects (font (size 1 1) (thickness 0.15)))
    )
    (fp_line (start -3.71 0.25) (end -3.21 0) (layer F.SilkS) (width 0.12))
    (fp_line (start -3.71 -0.25) (end -3.71 0.25) (layer F.SilkS) (width 0.12))
    (fp_line (start -3.21 0) (end -3.71 -0.25) (layer F.SilkS) (width 0.12))
    (fp_line (start 3.54 0) (end 2.54 0.75) (layer F.Fab) (width 0.1))
    (fp_line (start 2.54 -0.75) (end 3.54 0) (layer F.Fab) (width 0.1))
    (fp_text user %R (at 4.79 0 180) (layer F.Fab)
      (effects (font (size 1 1) (thickness 0.15)))
    )
    (fp_line (start 14.47 -5.58) (end -3.04 -5.58) (layer F.CrtYd) (width 0.05))
    (fp_line (start 14.47 -5.58) (end 14.47 5.58) (layer F.CrtYd) (width 0.05))
    (fp_line (start 14.47 5.58) (end -3.04 5.58) (layer F.CrtYd) (width 0.05))
    (fp_line (start -3.04 5.58) (end -3.04 -5.58) (layer F.CrtYd) (width 0.05))
    (fp_line (start 14.47 -5.58) (end -3.04 -5.58) (layer B.CrtYd) (width 0.05))
    (fp_line (start 14.47 -5.58) (end 14.47 5.58) (layer B.CrtYd) (width 0.05))
    (fp_line (start 14.47 5.58) (end -3.04 5.58) (layer B.CrtYd) (width 0.05))
    (fp_line (start -3.04 5.58) (end -3.04 -5.58) (layer B.CrtYd) (width 0.05))
    (fp_line (start 4.445 -3.81) (end 13.97 -3.81) (layer F.Fab) (width 0.1))
    (fp_line (start 13.97 -3.81) (end 13.97 3.81) (layer F.Fab) (width 0.1))
    (fp_line (start 13.97 3.81) (end 4.445 3.81) (layer F.Fab) (width 0.1))
    (fp_line (start 4.445 5.08) (end 4.445 3.81) (layer F.Fab) (width 0.1))
    (fp_line (start 4.445 -3.81) (end 4.445 -5.08) (layer F.Fab) (width 0.1))
    (fp_line (start -1.91 -5.08) (end 4.445 -5.08) (layer F.Fab) (width 0.1))
    (fp_line (start -1.91 -5.08) (end -1.91 -3.81) (layer F.Fab) (width 0.1))
    (fp_line (start -1.91 -3.81) (end 2.54 -3.81) (layer F.Fab) (width 0.1))
    (fp_line (start 2.54 -3.81) (end 2.54 3.81) (layer F.Fab) (width 0.1))
    (fp_line (start 2.54 3.81) (end -1.91 3.81) (layer F.Fab) (width 0.1))
    (fp_line (start -1.91 3.81) (end -1.91 5.08) (layer F.Fab) (width 0.1))
    (fp_line (start -1.91 5.08) (end 4.445 5.08) (layer F.Fab) (width 0.1))
    (pad 2 smd rect (at 0 4.25 180) (size 1.5 5.08) (layers F.Cu B.Paste B.Mask)
      (net 1 GND))
    (pad 2 smd rect (at 0 -4.25 180) (size 1.5 5.08) (layers F.Cu B.Paste B.Mask)
      (net 1 GND))
    (pad 2 smd rect (at 0 4.25 180) (size 1.5 5.08) (layers F.Cu F.Paste F.Mask)
      (net 1 GND))
    (pad 2 smd rect (at 0 -4.25 180) (size 1.5 5.08) (layers F.Cu F.Paste F.Mask)
      (net 1 GND))
    (pad 1 smd rect (at 0 0 180) (size 1.5 5.08) (layers F.Cu F.Paste F.Mask)
      (net 7 "Net-(C3-Pad2)"))
    (model ${KISYS3DMOD}/Connector_Coaxial.3dshapes/SMA_Amphenol_132289_EdgeMount.wrl
      (at (xyz 0 0 0))
      (scale (xyz 1 1 1))
      (rotate (xyz 0 0 0))
    )
  )

  (module Capacitor_SMD:C_0805_2012Metric_Pad1.15x1.40mm_HandSolder (layer F.Cu) (tedit 5B36C52B) (tstamp 5E6176F5)
    (at 100.705 53.57 180)
    (descr "Capacitor SMD 0805 (2012 Metric), square (rectangular) end terminal, IPC_7351 nominal with elongated pad for handsoldering. (Body size source: https://docs.google.com/spreadsheets/d/1BsfQQcO9C6DZCsRaXUlFlo91Tg2WpOkGARC1WS5S8t0/edit?usp=sharing), generated with kicad-footprint-generator")
    (tags "capacitor handsolder")
    (path /5E671CF0)
    (attr smd)
    (fp_text reference C1 (at 0 -1.65) (layer F.SilkS)
      (effects (font (size 1 1) (thickness 0.15)))
    )
    (fp_text value 150pF (at 0 1.65) (layer F.Fab)
      (effects (font (size 1 1) (thickness 0.15)))
    )
    (fp_text user %R (at 0 0) (layer F.Fab)
      (effects (font (size 0.5 0.5) (thickness 0.08)))
    )
    (fp_line (start 1.85 0.95) (end -1.85 0.95) (layer F.CrtYd) (width 0.05))
    (fp_line (start 1.85 -0.95) (end 1.85 0.95) (layer F.CrtYd) (width 0.05))
    (fp_line (start -1.85 -0.95) (end 1.85 -0.95) (layer F.CrtYd) (width 0.05))
    (fp_line (start -1.85 0.95) (end -1.85 -0.95) (layer F.CrtYd) (width 0.05))
    (fp_line (start -0.261252 0.71) (end 0.261252 0.71) (layer F.SilkS) (width 0.12))
    (fp_line (start -0.261252 -0.71) (end 0.261252 -0.71) (layer F.SilkS) (width 0.12))
    (fp_line (start 1 0.6) (end -1 0.6) (layer F.Fab) (width 0.1))
    (fp_line (start 1 -0.6) (end 1 0.6) (layer F.Fab) (width 0.1))
    (fp_line (start -1 -0.6) (end 1 -0.6) (layer F.Fab) (width 0.1))
    (fp_line (start -1 0.6) (end -1 -0.6) (layer F.Fab) (width 0.1))
    (pad 2 smd roundrect (at 1.025 0 180) (size 1.15 1.4) (layers F.Cu F.Paste F.Mask) (roundrect_rratio 0.217391)
      (net 4 "Net-(C1-Pad2)"))
    (pad 1 smd roundrect (at -1.025 0 180) (size 1.15 1.4) (layers F.Cu F.Paste F.Mask) (roundrect_rratio 0.217391)
      (net 5 "Net-(C1-Pad1)"))
    (model ${KISYS3DMOD}/Capacitor_SMD.3dshapes/C_0805_2012Metric.wrl
      (at (xyz 0 0 0))
      (scale (xyz 1 1 1))
      (rotate (xyz 0 0 0))
    )
  )

  (module Capacitor_SMD:C_0805_2012Metric_Pad1.15x1.40mm_HandSolder (layer F.Cu) (tedit 5B36C52B) (tstamp 5E617706)
    (at 78.57 60.025 270)
    (descr "Capacitor SMD 0805 (2012 Metric), square (rectangular) end terminal, IPC_7351 nominal with elongated pad for handsoldering. (Body size source: https://docs.google.com/spreadsheets/d/1BsfQQcO9C6DZCsRaXUlFlo91Tg2WpOkGARC1WS5S8t0/edit?usp=sharing), generated with kicad-footprint-generator")
    (tags "capacitor handsolder")
    (path /5E61C404)
    (attr smd)
    (fp_text reference C2 (at 0 -1.65 90) (layer F.SilkS)
      (effects (font (size 1 1) (thickness 0.15)))
    )
    (fp_text value 1nF (at 0 1.65 90) (layer F.Fab)
      (effects (font (size 1 1) (thickness 0.15)))
    )
    (fp_line (start -1 0.6) (end -1 -0.6) (layer F.Fab) (width 0.1))
    (fp_line (start -1 -0.6) (end 1 -0.6) (layer F.Fab) (width 0.1))
    (fp_line (start 1 -0.6) (end 1 0.6) (layer F.Fab) (width 0.1))
    (fp_line (start 1 0.6) (end -1 0.6) (layer F.Fab) (width 0.1))
    (fp_line (start -0.261252 -0.71) (end 0.261252 -0.71) (layer F.SilkS) (width 0.12))
    (fp_line (start -0.261252 0.71) (end 0.261252 0.71) (layer F.SilkS) (width 0.12))
    (fp_line (start -1.85 0.95) (end -1.85 -0.95) (layer F.CrtYd) (width 0.05))
    (fp_line (start -1.85 -0.95) (end 1.85 -0.95) (layer F.CrtYd) (width 0.05))
    (fp_line (start 1.85 -0.95) (end 1.85 0.95) (layer F.CrtYd) (width 0.05))
    (fp_line (start 1.85 0.95) (end -1.85 0.95) (layer F.CrtYd) (width 0.05))
    (fp_text user %R (at 0 0 90) (layer F.Fab)
      (effects (font (size 0.5 0.5) (thickness 0.08)))
    )
    (pad 1 smd roundrect (at -1.025 0 270) (size 1.15 1.4) (layers F.Cu F.Paste F.Mask) (roundrect_rratio 0.217391)
      (net 6 "Net-(C2-Pad1)"))
    (pad 2 smd roundrect (at 1.025 0 270) (size 1.15 1.4) (layers F.Cu F.Paste F.Mask) (roundrect_rratio 0.217391)
      (net 1 GND))
    (model ${KISYS3DMOD}/Capacitor_SMD.3dshapes/C_0805_2012Metric.wrl
      (at (xyz 0 0 0))
      (scale (xyz 1 1 1))
      (rotate (xyz 0 0 0))
    )
  )

  (module Capacitor_SMD:C_0805_2012Metric_Pad1.15x1.40mm_HandSolder (layer F.Cu) (tedit 5B36C52B) (tstamp 5E617717)
    (at 72.94 46.175)
    (descr "Capacitor SMD 0805 (2012 Metric), square (rectangular) end terminal, IPC_7351 nominal with elongated pad for handsoldering. (Body size source: https://docs.google.com/spreadsheets/d/1BsfQQcO9C6DZCsRaXUlFlo91Tg2WpOkGARC1WS5S8t0/edit?usp=sharing), generated with kicad-footprint-generator")
    (tags "capacitor handsolder")
    (path /5E61BE4A)
    (attr smd)
    (fp_text reference C3 (at 0 -1.65) (layer F.SilkS)
      (effects (font (size 1 1) (thickness 0.15)))
    )
    (fp_text value 150pF (at 0 1.65) (layer F.Fab)
      (effects (font (size 1 1) (thickness 0.15)))
    )
    (fp_text user %R (at 0 0) (layer F.Fab)
      (effects (font (size 0.5 0.5) (thickness 0.08)))
    )
    (fp_line (start 1.85 0.95) (end -1.85 0.95) (layer F.CrtYd) (width 0.05))
    (fp_line (start 1.85 -0.95) (end 1.85 0.95) (layer F.CrtYd) (width 0.05))
    (fp_line (start -1.85 -0.95) (end 1.85 -0.95) (layer F.CrtYd) (width 0.05))
    (fp_line (start -1.85 0.95) (end -1.85 -0.95) (layer F.CrtYd) (width 0.05))
    (fp_line (start -0.261252 0.71) (end 0.261252 0.71) (layer F.SilkS) (width 0.12))
    (fp_line (start -0.261252 -0.71) (end 0.261252 -0.71) (layer F.SilkS) (width 0.12))
    (fp_line (start 1 0.6) (end -1 0.6) (layer F.Fab) (width 0.1))
    (fp_line (start 1 -0.6) (end 1 0.6) (layer F.Fab) (width 0.1))
    (fp_line (start -1 -0.6) (end 1 -0.6) (layer F.Fab) (width 0.1))
    (fp_line (start -1 0.6) (end -1 -0.6) (layer F.Fab) (width 0.1))
    (pad 2 smd roundrect (at 1.025 0) (size 1.15 1.4) (layers F.Cu F.Paste F.Mask) (roundrect_rratio 0.217391)
      (net 7 "Net-(C3-Pad2)"))
    (pad 1 smd roundrect (at -1.025 0) (size 1.15 1.4) (layers F.Cu F.Paste F.Mask) (roundrect_rratio 0.217391)
      (net 8 "Net-(C3-Pad1)"))
    (model ${KISYS3DMOD}/Capacitor_SMD.3dshapes/C_0805_2012Metric.wrl
      (at (xyz 0 0 0))
      (scale (xyz 1 1 1))
      (rotate (xyz 0 0 0))
    )
  )

  (module Capacitor_SMD:C_0805_2012Metric_Pad1.15x1.40mm_HandSolder (layer F.Cu) (tedit 5B36C52B) (tstamp 5E617728)
    (at 92.055 47.77 180)
    (descr "Capacitor SMD 0805 (2012 Metric), square (rectangular) end terminal, IPC_7351 nominal with elongated pad for handsoldering. (Body size source: https://docs.google.com/spreadsheets/d/1BsfQQcO9C6DZCsRaXUlFlo91Tg2WpOkGARC1WS5S8t0/edit?usp=sharing), generated with kicad-footprint-generator")
    (tags "capacitor handsolder")
    (path /5E6228D4)
    (attr smd)
    (fp_text reference C4 (at 0 -1.65) (layer F.SilkS)
      (effects (font (size 1 1) (thickness 0.15)))
    )
    (fp_text value 0.1uF (at 0 1.65) (layer F.Fab)
      (effects (font (size 1 1) (thickness 0.15)))
    )
    (fp_text user %R (at 0 0) (layer F.Fab)
      (effects (font (size 0.5 0.5) (thickness 0.08)))
    )
    (fp_line (start 1.85 0.95) (end -1.85 0.95) (layer F.CrtYd) (width 0.05))
    (fp_line (start 1.85 -0.95) (end 1.85 0.95) (layer F.CrtYd) (width 0.05))
    (fp_line (start -1.85 -0.95) (end 1.85 -0.95) (layer F.CrtYd) (width 0.05))
    (fp_line (start -1.85 0.95) (end -1.85 -0.95) (layer F.CrtYd) (width 0.05))
    (fp_line (start -0.261252 0.71) (end 0.261252 0.71) (layer F.SilkS) (width 0.12))
    (fp_line (start -0.261252 -0.71) (end 0.261252 -0.71) (layer F.SilkS) (width 0.12))
    (fp_line (start 1 0.6) (end -1 0.6) (layer F.Fab) (width 0.1))
    (fp_line (start 1 -0.6) (end 1 0.6) (layer F.Fab) (width 0.1))
    (fp_line (start -1 -0.6) (end 1 -0.6) (layer F.Fab) (width 0.1))
    (fp_line (start -1 0.6) (end -1 -0.6) (layer F.Fab) (width 0.1))
    (pad 2 smd roundrect (at 1.025 0 180) (size 1.15 1.4) (layers F.Cu F.Paste F.Mask) (roundrect_rratio 0.217391)
      (net 1 GND))
    (pad 1 smd roundrect (at -1.025 0 180) (size 1.15 1.4) (layers F.Cu F.Paste F.Mask) (roundrect_rratio 0.217391)
      (net 3 -5V))
    (model ${KISYS3DMOD}/Capacitor_SMD.3dshapes/C_0805_2012Metric.wrl
      (at (xyz 0 0 0))
      (scale (xyz 1 1 1))
      (rotate (xyz 0 0 0))
    )
  )

