(kicad_pcb (version 20171130) (host pcbnew "(6.0.0-rc1-dev-305-gf0b8b21)")

  (general
    (thickness 1.6)
    (drawings 5)
    (tracks 13)
    (zones 0)
    (modules 10)
    (nets 7)
  )

  (page A4)
  (layers
    (0 F.Cu signal)
    (31 B.Cu signal)
    (32 B.Adhes user)
    (33 F.Adhes user)
    (34 B.Paste user)
    (35 F.Paste user)
    (36 B.SilkS user)
    (37 F.SilkS user)
    (38 B.Mask user)
    (39 F.Mask user)
    (40 Dwgs.User user)
    (41 Cmts.User user)
    (42 Eco1.User user)
    (43 Eco2.User user)
    (44 Edge.Cuts user)
    (45 Margin user)
    (46 B.CrtYd user)
    (47 F.CrtYd user)
    (48 B.Fab user)
    (49 F.Fab user)
  )

  (setup
    (last_trace_width 0.25)
    (trace_clearance 0.2)
    (zone_clearance 0.508)
    (zone_45_only no)
    (trace_min 0.2)
    (via_size 0.8)
    (via_drill 0.4)
    (via_min_size 0.4)
    (via_min_drill 0.3)
    (uvia_size 0.3)
    (uvia_drill 0.1)
    (uvias_allowed no)
    (uvia_min_size 0.2)
    (uvia_min_drill 0.1)
    (edge_width 0.05)
    (segment_width 0.2)
    (pcb_text_width 0.3)
    (pcb_text_size 1.5 1.5)
    (mod_edge_width 0.12)
    (mod_text_size 1 1)
    (mod_text_width 0.15)
    (pad_size 1.524 1.524)
    (pad_drill 0.762)
    (pad_to_mask_clearance 0.2)
    (aux_axis_origin 0 0)
    (visible_elements FFFFFF7F)
    (pcbplotparams
      (layerselection 0x01000_ffffffff)
      (usegerberextensions false)
      (usegerberattributes false)
      (usegerberadvancedattributes false)
      (creategerberjobfile false)
      (excludeedgelayer true)
      (linewidth 0.100000)
      (plotframeref false)
      (viasonmask false)
      (mode 1)
      (useauxorigin false)
      (hpglpennumber 1)
      (hpglpenspeed 20)
      (hpglpendiameter 15.000000)
      (psnegative false)
      (psa4output false)
      (plotreference true)
      (plotvalue true)
      (plotinvisibletext false)
      (padsonsilk false)
      (subtractmaskfromsilk false)
      (outputformat 1)
      (mirror false)
      (drillshape 0)
      (scaleselection 1)
      (outputdirectory "29.4MHz Bandpass Filter/"))
  )

  (net 0 "")
  (net 1 "Net-(C1-Pad1)")
  (net 2 GND)
  (net 3 "Net-(C2-Pad1)")
  (net 4 "Net-(C3-Pad1)")
  (net 5 "Net-(C4-Pad1)")
  (net 6 "Net-(J2-Pad1)")

  (net_class Default "This is the default net class."
    (clearance 0.2)
    (trace_width 0.25)
    (via_dia 0.8)
    (via_drill 0.4)
    (uvia_dia 0.3)
    (uvia_drill 0.1)
    (add_net GND)
    (add_net "Net-(C1-Pad1)")
    (add_net "Net-(C2-Pad1)")
    (add_net "Net-(C3-Pad1)")
    (add_net "Net-(C4-Pad1)")
    (add_net "Net-(J2-Pad1)")
  )

  (module Capacitor_SMD:C_0805_2012Metric_Pad1.15x1.40mm_HandSolder (layer F.Cu) (tedit 5B36C52B) (tstamp 5E1507B8)
    (at 133.5786 82.3304 270)
    (descr "Capacitor SMD 0805 (2012 Metric), square (rectangular) end terminal, IPC_7351 nominal with elongated pad for handsoldering. (Body size source: https://docs.google.com/spreadsheets/d/1BsfQQcO9C6DZCsRaXUlFlo91Tg2WpOkGARC1WS5S8t0/edit?usp=sharing), generated with kicad-footprint-generator")
    (tags "capacitor handsolder")
    (path /5E150013)
    (attr smd)
    (fp_text reference C1 (at 0 -1.65 270) (layer F.SilkS)
      (effects (font (size 1 1) (thickness 0.15)))
    )
    (fp_text value C (at 0 1.65 270) (layer F.Fab)
      (effects (font (size 1 1) (thickness 0.15)))
    )
    (fp_line (start -1 0.6) (end -1 -0.6) (layer F.Fab) (width 0.1))
    (fp_line (start -1 -0.6) (end 1 -0.6) (layer F.Fab) (width 0.1))
    (fp_line (start 1 -0.6) (end 1 0.6) (layer F.Fab) (width 0.1))
    (fp_line (start 1 0.6) (end -1 0.6) (layer F.Fab) (width 0.1))
    (fp_line (start -0.261252 -0.71) (end 0.261252 -0.71) (layer F.SilkS) (width 0.12))
    (fp_line (start -0.261252 0.71) (end 0.261252 0.71) (layer F.SilkS) (width 0.12))
    (fp_line (start -1.85 0.95) (end -1.85 -0.95) (layer F.CrtYd) (width 0.05))
    (fp_line (start -1.85 -0.95) (end 1.85 -0.95) (layer F.CrtYd) (width 0.05))
    (fp_line (start 1.85 -0.95) (end 1.85 0.95) (layer F.CrtYd) (width 0.05))
    (fp_line (start 1.85 0.95) (end -1.85 0.95) (layer F.CrtYd) (width 0.05))
    (fp_text user %R (at 0 0 270) (layer F.Fab)
      (effects (font (size 0.5 0.5) (thickness 0.08)))
    )
    (pad 1 smd roundrect (at -1.025 0 270) (size 1.15 1.4) (layers F.Cu F.Paste F.Mask) (roundrect_rratio 0.217391)
      (net 1 "Net-(C1-Pad1)"))
    (pad 2 smd roundrect (at 1.025 0 270) (size 1.15 1.4) (layers F.Cu F.Paste F.Mask) (roundrect_rratio 0.217391)
      (net 2 GND))
    (model ${KISYS3DMOD}/Capacitor_SMD.3dshapes/C_0805_2012Metric.wrl
      (at (xyz 0 0 0))
      (scale (xyz 1 1 1))
      (rotate (xyz 0 0 0))
    )
  )

  (module Capacitor_SMD:C_0805_2012Metric_Pad1.15x1.40mm_HandSolder (layer F.Cu) (tedit 5B36C52B) (tstamp 5E1507C9)
    (at 139.963 81.3054 180)
    (descr "Capacitor SMD 0805 (2012 Metric), square (rectangular) end terminal, IPC_7351 nominal with elongated pad for handsoldering. (Body size source: https://docs.google.com/spreadsheets/d/1BsfQQcO9C6DZCsRaXUlFlo91Tg2WpOkGARC1WS5S8t0/edit?usp=sharing), generated with kicad-footprint-generator")
    (tags "capacitor handsolder")
    (path /5E150376)
    (attr smd)
    (fp_text reference C2 (at 0 -1.65 180) (layer F.SilkS)
      (effects (font (size 1 1) (thickness 0.15)))
    )
    (fp_text value C (at 0 1.65 180) (layer F.Fab)
      (effects (font (size 1 1) (thickness 0.15)))
    )
    (fp_text user %R (at 0 0 180) (layer F.Fab)
      (effects (font (size 0.5 0.5) (thickness 0.08)))
    )
    (fp_line (start 1.85 0.95) (end -1.85 0.95) (layer F.CrtYd) (width 0.05))
    (fp_line (start 1.85 -0.95) (end 1.85 0.95) (layer F.CrtYd) (width 0.05))
    (fp_line (start -1.85 -0.95) (end 1.85 -0.95) (layer F.CrtYd) (width 0.05))
    (fp_line (start -1.85 0.95) (end -1.85 -0.95) (layer F.CrtYd) (width 0.05))
    (fp_line (start -0.261252 0.71) (end 0.261252 0.71) (layer F.SilkS) (width 0.12))
    (fp_line (start -0.261252 -0.71) (end 0.261252 -0.71) (layer F.SilkS) (width 0.12))
    (fp_line (start 1 0.6) (end -1 0.6) (layer F.Fab) (width 0.1))
    (fp_line (start 1 -0.6) (end 1 0.6) (layer F.Fab) (width 0.1))
    (fp_line (start -1 -0.6) (end 1 -0.6) (layer F.Fab) (width 0.1))
    (fp_line (start -1 0.6) (end -1 -0.6) (layer F.Fab) (width 0.1))
    (pad 2 smd roundrect (at 1.025 0 180) (size 1.15 1.4) (layers F.Cu F.Paste F.Mask) (roundrect_rratio 0.217391)
      (net 1 "Net-(C1-Pad1)"))
    (pad 1 smd roundrect (at -1.025 0 180) (size 1.15 1.4) (layers F.Cu F.Paste F.Mask) (roundrect_rratio 0.217391)
      (net 3 "Net-(C2-Pad1)"))
    (model ${KISYS3DMOD}/Capacitor_SMD.3dshapes/C_0805_2012Metric.wrl
      (at (xyz 0 0 0))
      (scale (xyz 1 1 1))
      (rotate (xyz 0 0 0))
    )
  )

  (module Capacitor_SMD:C_0805_2012Metric_Pad1.15x1.40mm_HandSolder (layer F.Cu) (tedit 5B36C52B) (tstamp 5E1507DA)
    (at 142.5956 85.852 180)
    (descr "Capacitor SMD 0805 (2012 Metric), square (rectangular) end terminal, IPC_7351 nominal with elongated pad for handsoldering. (Body size source: https://docs.google.com/spreadsheets/d/1BsfQQcO9C6DZCsRaXUlFlo91Tg2WpOkGARC1WS5S8t0/edit?usp=sharing), generated with kicad-footprint-generator")
    (tags "capacitor handsolder")
    (path /5E150479)
    (attr smd)
    (fp_text reference C3 (at 0 -1.65 180) (layer F.SilkS)
      (effects (font (size 1 1) (thickness 0.15)))
    )
    (fp_text value C (at 0 1.65 180) (layer F.Fab)
      (effects (font (size 1 1) (thickness 0.15)))
    )
    (fp_line (start -1 0.6) (end -1 -0.6) (layer F.Fab) (width 0.1))
    (fp_line (start -1 -0.6) (end 1 -0.6) (layer F.Fab) (width 0.1))
    (fp_line (start 1 -0.6) (end 1 0.6) (layer F.Fab) (width 0.1))
    (fp_line (start 1 0.6) (end -1 0.6) (layer F.Fab) (width 0.1))
    (fp_line (start -0.261252 -0.71) (end 0.261252 -0.71) (layer F.SilkS) (width 0.12))
    (fp_line (start -0.261252 0.71) (end 0.261252 0.71) (layer F.SilkS) (width 0.12))
    (fp_line (start -1.85 0.95) (end -1.85 -0.95) (layer F.CrtYd) (width 0.05))
    (fp_line (start -1.85 -0.95) (end 1.85 -0.95) (layer F.CrtYd) (width 0.05))
    (fp_line (start 1.85 -0.95) (end 1.85 0.95) (layer F.CrtYd) (width 0.05))
    (fp_line (start 1.85 0.95) (end -1.85 0.95) (layer F.CrtYd) (width 0.05))
    (fp_text user %R (at 0 0 180) (layer F.Fab)
      (effects (font (size 0.5 0.5) (thickness 0.08)))
    )
    (pad 1 smd roundrect (at -1.025 0 180) (size 1.15 1.4) (layers F.Cu F.Paste F.Mask) (roundrect_rratio 0.217391)
      (net 4 "Net-(C3-Pad1)"))
    (pad 2 smd roundrect (at 1.025 0 180) (size 1.15 1.4) (layers F.Cu F.Paste F.Mask) (roundrect_rratio 0.217391)
      (net 2 GND))
    (model ${KISYS3DMOD}/Capacitor_SMD.3dshapes/C_0805_2012Metric.wrl
      (at (xyz 0 0 0))
      (scale (xyz 1 1 1))
      (rotate (xyz 0 0 0))
    )
  )

  (module Capacitor_SMD:C_0805_2012Metric_Pad1.15x1.40mm_HandSolder (layer F.Cu) (tedit 5B36C52B) (tstamp 5E1507EB)
    (at 147.2856 88.6206 180)
    (descr "Capacitor SMD 0805 (2012 Metric), square (rectangular) end terminal, IPC_7351 nominal with elongated pad for handsoldering. (Body size source: https://docs.google.com/spreadsheets/d/1BsfQQcO9C6DZCsRaXUlFlo91Tg2WpOkGARC1WS5S8t0/edit?usp=sharing), generated with kicad-footprint-generator")
    (tags "capacitor handsolder")
    (path /5E150557)
    (attr smd)
    (fp_text reference C4 (at 0 -1.65 180) (layer F.SilkS)
      (effects (font (size 1 1) (thickness 0.15)))
    )
    (fp_text value C (at 0 1.65 180) (layer F.Fab)
      (effects (font (size 1 1) (thickness 0.15)))
    )
    (fp_text user %R (at 0 0 180) (layer F.Fab)
      (effects (font (size 0.5 0.5) (thickness 0.08)))
    )
    (fp_line (start 1.85 0.95) (end -1.85 0.95) (layer F.CrtYd) (width 0.05))
    (fp_line (start 1.85 -0.95) (end 1.85 0.95) (layer F.CrtYd) (width 0.05))
    (fp_line (start -1.85 -0.95) (end 1.85 -0.95) (layer F.CrtYd) (width 0.05))
    (fp_line (start -1.85 0.95) (end -1.85 -0.95) (layer F.CrtYd) (width 0.05))
    (fp_line (start -0.261252 0.71) (end 0.261252 0.71) (layer F.SilkS) (width 0.12))
    (fp_line (start -0.261252 -0.71) (end 0.261252 -0.71) (layer F.SilkS) (width 0.12))
    (fp_line (start 1 0.6) (end -1 0.6) (layer F.Fab) (width 0.1))
    (fp_line (start 1 -0.6) (end 1 0.6) (layer F.Fab) (width 0.1))
    (fp_line (start -1 -0.6) (end 1 -0.6) (layer F.Fab) (width 0.1))
    (fp_line (start -1 0.6) (end -1 -0.6) (layer F.Fab) (width 0.1))
    (pad 2 smd roundrect (at 1.025 0 180) (size 1.15 1.4) (layers F.Cu F.Paste F.Mask) (roundrect_rratio 0.217391)
      (net 4 "Net-(C3-Pad1)"))
    (pad 1 smd roundrect (at -1.025 0 180) (size 1.15 1.4) (layers F.Cu F.Paste F.Mask) (roundrect_rratio 0.217391)
      (net 5 "Net-(C4-Pad1)"))
    (model ${KISYS3DMOD}/Capacitor_SMD.3dshapes/C_0805_2012Metric.wrl
      (at (xyz 0 0 0))
      (scale (xyz 1 1 1))
      (rotate (xyz 0 0 0))
    )
  )

  (module Connector_Coaxial:SMA_Amphenol_132289_EdgeMount (layer F.Cu) (tedit 5A1C1810) (tstamp 5E15080E)
    (at 128.143 81.297001 180)
    (descr http://www.amphenolrf.com/132289.html)
    (tags SMA)
    (path /5E150695)
    (attr smd)
    (fp_text reference J1 (at -3.96 -3 270) (layer F.SilkS)
      (effects (font (size 1 1) (thickness 0.15)))
    )
    (fp_text value Conn_Coaxial (at 5 6 180) (layer F.Fab)
      (effects (font (size 1 1) (thickness 0.15)))
    )
    (fp_line (start -3.71 0.25) (end -3.21 0) (layer F.SilkS) (width 0.12))
    (fp_line (start -3.71 -0.25) (end -3.71 0.25) (layer F.SilkS) (width 0.12))
    (fp_line (start -3.21 0) (end -3.71 -0.25) (layer F.SilkS) (width 0.12))
    (fp_line (start 3.54 0) (end 2.54 0.75) (layer F.Fab) (width 0.1))
    (fp_line (start 2.54 -0.75) (end 3.54 0) (layer F.Fab) (width 0.1))
    (fp_text user %R (at 4.79 0 90) (layer F.Fab)
      (effects (font (size 1 1) (thickness 0.15)))
    )
    (fp_line (start 14.47 -5.58) (end -3.04 -5.58) (layer F.CrtYd) (width 0.05))
    (fp_line (start 14.47 -5.58) (end 14.47 5.58) (layer F.CrtYd) (width 0.05))
    (fp_line (start 14.47 5.58) (end -3.04 5.58) (layer F.CrtYd) (width 0.05))
    (fp_line (start -3.04 5.58) (end -3.04 -5.58) (layer F.CrtYd) (width 0.05))
    (fp_line (start 14.47 -5.58) (end -3.04 -5.58) (layer B.CrtYd) (width 0.05))
    (fp_line (start 14.47 -5.58) (end 14.47 5.58) (layer B.CrtYd) (width 0.05))
    (fp_line (start 14.47 5.58) (end -3.04 5.58) (layer B.CrtYd) (width 0.05))
    (fp_line (start -3.04 5.58) (end -3.04 -5.58) (layer B.CrtYd) (width 0.05))
    (fp_line (start 4.445 -3.81) (end 13.97 -3.81) (layer F.Fab) (width 0.1))
    (fp_line (start 13.97 -3.81) (end 13.97 3.81) (layer F.Fab) (width 0.1))
    (fp_line (start 13.97 3.81) (end 4.445 3.81) (layer F.Fab) (width 0.1))
    (fp_line (start 4.445 5.08) (end 4.445 3.81) (layer F.Fab) (width 0.1))
    (fp_line (start 4.445 -3.81) (end 4.445 -5.08) (layer F.Fab) (width 0.1))
    (fp_line (start -1.91 -5.08) (end 4.445 -5.08) (layer F.Fab) (width 0.1))
    (fp_line (start -1.91 -5.08) (end -1.91 -3.81) (layer F.Fab) (width 0.1))
    (fp_line (start -1.91 -3.81) (end 2.54 -3.81) (layer F.Fab) (width 0.1))
    (fp_line (start 2.54 -3.81) (end 2.54 3.81) (layer F.Fab) (width 0.1))
    (fp_line (start 2.54 3.81) (end -1.91 3.81) (layer F.Fab) (width 0.1))
    (fp_line (start -1.91 3.81) (end -1.91 5.08) (layer F.Fab) (width 0.1))
    (fp_line (start -1.91 5.08) (end 4.445 5.08) (layer F.Fab) (width 0.1))
    (pad 2 smd rect (at 0 4.25 270) (size 1.5 5.08) (layers B.Cu B.Paste B.Mask)
      (net 2 GND))
    (pad 2 smd rect (at 0 -4.25 270) (size 1.5 5.08) (layers B.Cu B.Paste B.Mask)
      (net 2 GND))
    (pad 2 smd rect (at 0 4.25 270) (size 1.5 5.08) (layers F.Cu F.Paste F.Mask)
      (net 2 GND))
    (pad 2 smd rect (at 0 -4.25 270) (size 1.5 5.08) (layers F.Cu F.Paste F.Mask)
      (net 2 GND))
    (pad 1 smd rect (at 0 0 270) (size 1.5 5.08) (layers F.Cu F.Paste F.Mask)
      (net 1 "Net-(C1-Pad1)"))
    (model ${KISYS3DMOD}/Connector_Coaxial.3dshapes/SMA_Amphenol_132289_EdgeMount.wrl
      (at (xyz 0 0 0))
      (scale (xyz 1 1 1))
      (rotate (xyz 0 0 0))
    )
  )

  (module Connector_Coaxial:SMA_Amphenol_132289_EdgeMount (layer F.Cu) (tedit 5A1C1810) (tstamp 5E150831)
    (at 153.9494 83.82)
    (descr http://www.amphenolrf.com/132289.html)
    (tags SMA)
    (path /5E150C14)
    (attr smd)
    (fp_text reference J2 (at -3.96 -3 90) (layer F.SilkS)
      (effects (font (size 1 1) (thickness 0.15)))
    )
    (fp_text value Conn_Coaxial (at 5 6) (layer F.Fab)
      (effects (font (size 1 1) (thickness 0.15)))
    )
    (fp_line (start -1.91 5.08) (end 4.445 5.08) (layer F.Fab) (width 0.1))
    (fp_line (start -1.91 3.81) (end -1.91 5.08) (layer F.Fab) (width 0.1))
    (fp_line (start 2.54 3.81) (end -1.91 3.81) (layer F.Fab) (width 0.1))
    (fp_line (start 2.54 -3.81) (end 2.54 3.81) (layer F.Fab) (width 0.1))
    (fp_line (start -1.91 -3.81) (end 2.54 -3.81) (layer F.Fab) (width 0.1))
    (fp_line (start -1.91 -5.08) (end -1.91 -3.81) (layer F.Fab) (width 0.1))
    (fp_line (start -1.91 -5.08) (end 4.445 -5.08) (layer F.Fab) (width 0.1))
    (fp_line (start 4.445 -3.81) (end 4.445 -5.08) (layer F.Fab) (width 0.1))
    (fp_line (start 4.445 5.08) (end 4.445 3.81) (layer F.Fab) (width 0.1))
    (fp_line (start 13.97 3.81) (end 4.445 3.81) (layer F.Fab) (width 0.1))
    (fp_line (start 13.97 -3.81) (end 13.97 3.81) (layer F.Fab) (width 0.1))
    (fp_line (start 4.445 -3.81) (end 13.97 -3.81) (layer F.Fab) (width 0.1))
    (fp_line (start -3.04 5.58) (end -3.04 -5.58) (layer B.CrtYd) (width 0.05))
    (fp_line (start 14.47 5.58) (end -3.04 5.58) (layer B.CrtYd) (width 0.05))
    (fp_line (start 14.47 -5.58) (end 14.47 5.58) (layer B.CrtYd) (width 0.05))
    (fp_line (start 14.47 -5.58) (end -3.04 -5.58) (layer B.CrtYd) (width 0.05))
    (fp_line (start -3.04 5.58) (end -3.04 -5.58) (layer F.CrtYd) (width 0.05))
    (fp_line (start 14.47 5.58) (end -3.04 5.58) (layer F.CrtYd) (width 0.05))
    (fp_line (start 14.47 -5.58) (end 14.47 5.58) (layer F.CrtYd) (width 0.05))
    (fp_line (start 14.47 -5.58) (end -3.04 -5.58) (layer F.CrtYd) (width 0.05))
    (fp_text user %R (at 4.79 0 270) (layer F.Fab)
      (effects (font (size 1 1) (thickness 0.15)))
    )
    (fp_line (start 2.54 -0.75) (end 3.54 0) (layer F.Fab) (width 0.1))
    (fp_line (start 3.54 0) (end 2.54 0.75) (layer F.Fab) (width 0.1))
    (fp_line (start -3.21 0) (end -3.71 -0.25) (layer F.SilkS) (width 0.12))
    (fp_line (start -3.71 -0.25) (end -3.71 0.25) (layer F.SilkS) (width 0.12))
    (fp_line (start -3.71 0.25) (end -3.21 0) (layer F.SilkS) (width 0.12))
    (pad 1 smd rect (at 0 0 90) (size 1.5 5.08) (layers F.Cu F.Paste F.Mask)
      (net 6 "Net-(J2-Pad1)"))
    (pad 2 smd rect (at 0 -4.25 90) (size 1.5 5.08) (layers F.Cu F.Paste F.Mask)
      (net 2 GND))
    (pad 2 smd rect (at 0 4.25 90) (size 1.5 5.08) (layers F.Cu F.Paste F.Mask)
      (net 2 GND))
    (pad 2 smd rect (at 0 -4.25 90) (size 1.5 5.08) (layers B.Cu B.Paste B.Mask)
      (net 2 GND))
    (pad 2 smd rect (at 0 4.25 90) (size 1.5 5.08) (layers B.Cu B.Paste B.Mask)
      (net 2 GND))
    (model ${KISYS3DMOD}/Connector_Coaxial.3dshapes/SMA_Amphenol_132289_EdgeMount.wrl
      (at (xyz 0 0 0))
      (scale (xyz 1 1 1))
      (rotate (xyz 0 0 0))
    )
  )

  (module Inductor_SMD:L_0805_2012Metric_Pad1.15x1.40mm_HandSolder (layer F.Cu) (tedit 5B36C52B) (tstamp 5E150842)
    (at 136.1694 82.3304 270)
    (descr "Capacitor SMD 0805 (2012 Metric), square (rectangular) end terminal, IPC_7351 nominal with elongated pad for handsoldering. (Body size source: https://docs.google.com/spreadsheets/d/1BsfQQcO9C6DZCsRaXUlFlo91Tg2WpOkGARC1WS5S8t0/edit?usp=sharing), generated with kicad-footprint-generator")
    (tags "inductor handsolder")
    (path /5E14FFB1)
    (attr smd)
    (fp_text reference L1 (at 0 -1.65 270) (layer F.SilkS)
      (effects (font (size 1 1) (thickness 0.15)))
    )
    (fp_text value INDUCTOR (at 0 1.65 270) (layer F.Fab)
      (effects (font (size 1 1) (thickness 0.15)))
    )
    (fp_line (start -1 0.6) (end -1 -0.6) (layer F.Fab) (width 0.1))
    (fp_line (start -1 -0.6) (end 1 -0.6) (layer F.Fab) (width 0.1))
    (fp_line (start 1 -0.6) (end 1 0.6) (layer F.Fab) (width 0.1))
    (fp_line (start 1 0.6) (end -1 0.6) (layer F.Fab) (width 0.1))
    (fp_line (start -0.261252 -0.71) (end 0.261252 -0.71) (layer F.SilkS) (width 0.12))
    (fp_line (start -0.261252 0.71) (end 0.261252 0.71) (layer F.SilkS) (width 0.12))
    (fp_line (start -1.85 0.95) (end -1.85 -0.95) (layer F.CrtYd) (width 0.05))
    (fp_line (start -1.85 -0.95) (end 1.85 -0.95) (layer F.CrtYd) (width 0.05))
    (fp_line (start 1.85 -0.95) (end 1.85 0.95) (layer F.CrtYd) (width 0.05))
    (fp_line (start 1.85 0.95) (end -1.85 0.95) (layer F.CrtYd) (width 0.05))
    (fp_text user %R (at 0 0 270) (layer F.Fab)
      (effects (font (size 0.5 0.5) (thickness 0.08)))
    )
    (pad 1 smd roundrect (at -1.025 0 270) (size 1.15 1.4) (layers F.Cu F.Paste F.Mask) (roundrect_rratio 0.217391)
      (net 1 "Net-(C1-Pad1)"))
    (pad 2 smd roundrect (at 1.025 0 270) (size 1.15 1.4) (layers F.Cu F.Paste F.Mask) (roundrect_rratio 0.217391)
      (net 2 GND))
    (model ${KISYS3DMOD}/Inductor_SMD.3dshapes/L_0805_2012Metric.wrl
      (at (xyz 0 0 0))
      (scale (xyz 1 1 1))
      (rotate (xyz 0 0 0))
    )
  )

  (module Inductor_SMD:L_0805_2012Metric_Pad1.15x1.40mm_HandSolder (layer F.Cu) (tedit 5B36C52B) (tstamp 5E150853)
    (at 143.6206 82.296 270)
    (descr "Capacitor SMD 0805 (2012 Metric), square (rectangular) end terminal, IPC_7351 nominal with elongated pad for handsoldering. (Body size source: https://docs.google.com/spreadsheets/d/1BsfQQcO9C6DZCsRaXUlFlo91Tg2WpOkGARC1WS5S8t0/edit?usp=sharing), generated with kicad-footprint-generator")
    (tags "inductor handsolder")
    (path /5E150064)
    (attr smd)
    (fp_text reference L2 (at 0 -1.65 270) (layer F.SilkS)
      (effects (font (size 1 1) (thickness 0.15)))
    )
    (fp_text value INDUCTOR (at 0 1.65 270) (layer F.Fab)
      (effects (font (size 1 1) (thickness 0.15)))
    )
    (fp_text user %R (at 0 0 270) (layer F.Fab)
      (effects (font (size 0.5 0.5) (thickness 0.08)))
    )
    (fp_line (start 1.85 0.95) (end -1.85 0.95) (layer F.CrtYd) (width 0.05))
    (fp_line (start 1.85 -0.95) (end 1.85 0.95) (layer F.CrtYd) (width 0.05))
    (fp_line (start -1.85 -0.95) (end 1.85 -0.95) (layer F.CrtYd) (width 0.05))
    (fp_line (start -1.85 0.95) (end -1.85 -0.95) (layer F.CrtYd) (width 0.05))
    (fp_line (start -0.261252 0.71) (end 0.261252 0.71) (layer F.SilkS) (width 0.12))
    (fp_line (start -0.261252 -0.71) (end 0.261252 -0.71) (layer F.SilkS) (width 0.12))
    (fp_line (start 1 0.6) (end -1 0.6) (layer F.Fab) (width 0.1))
    (fp_line (start 1 -0.6) (end 1 0.6) (layer F.Fab) (width 0.1))
    (fp_line (start -1 -0.6) (end 1 -0.6) (layer F.Fab) (width 0.1))
    (fp_line (start -1 0.6) (end -1 -0.6) (layer F.Fab) (width 0.1))
    (pad 2 smd roundrect (at 1.025 0 270) (size 1.15 1.4) (layers F.Cu F.Paste F.Mask) (roundrect_rratio 0.217391)
      (net 4 "Net-(C3-Pad1)"))
    (pad 1 smd roundrect (at -1.025 0 270) (size 1.15 1.4) (layers F.Cu F.Paste F.Mask) (roundrect_rratio 0.217391)
      (net 3 "Net-(C2-Pad1)"))
    (model ${KISYS3DMOD}/Inductor_SMD.3dshapes/L_0805_2012Metric.wrl
      (at (xyz 0 0 0))
      (scale (xyz 1 1 1))
      (rotate (xyz 0 0 0))
    )
  )

  (module Inductor_SMD:L_0805_2012Metric_Pad1.15x1.40mm_HandSolder (layer F.Cu) (tedit 5B36C52B) (tstamp 5E150864)
    (at 142.621 88.637 180)
    (descr "Capacitor SMD 0805 (2012 Metric), square (rectangular) end terminal, IPC_7351 nominal with elongated pad for handsoldering. (Body size source: https://docs.google.com/spreadsheets/d/1BsfQQcO9C6DZCsRaXUlFlo91Tg2WpOkGARC1WS5S8t0/edit?usp=sharing), generated with kicad-footprint-generator")
    (tags "inductor handsolder")
    (path /5E150472)
    (attr smd)
    (fp_text reference L3 (at 0 -1.65 180) (layer F.SilkS)
      (effects (font (size 1 1) (thickness 0.15)))
    )
    (fp_text value INDUCTOR (at 0 1.65 180) (layer F.Fab)
      (effects (font (size 1 1) (thickness 0.15)))
    )
    (fp_line (start -1 0.6) (end -1 -0.6) (layer F.Fab) (width 0.1))
    (fp_line (start -1 -0.6) (end 1 -0.6) (layer F.Fab) (width 0.1))
    (fp_line (start 1 -0.6) (end 1 0.6) (layer F.Fab) (width 0.1))
    (fp_line (start 1 0.6) (end -1 0.6) (layer F.Fab) (width 0.1))
    (fp_line (start -0.261252 -0.71) (end 0.261252 -0.71) (layer F.SilkS) (width 0.12))
    (fp_line (start -0.261252 0.71) (end 0.261252 0.71) (layer F.SilkS) (width 0.12))
    (fp_line (start -1.85 0.95) (end -1.85 -0.95) (layer F.CrtYd) (width 0.05))
    (fp_line (start -1.85 -0.95) (end 1.85 -0.95) (layer F.CrtYd) (width 0.05))
    (fp_line (start 1.85 -0.95) (end 1.85 0.95) (layer F.CrtYd) (width 0.05))
    (fp_line (start 1.85 0.95) (end -1.85 0.95) (layer F.CrtYd) (width 0.05))
    (fp_text user %R (at 0 0 180) (layer F.Fab)
      (effects (font (size 0.5 0.5) (thickness 0.08)))
    )
    (pad 1 smd roundrect (at -1.025 0 180) (size 1.15 1.4) (layers F.Cu F.Paste F.Mask) (roundrect_rratio 0.217391)
      (net 4 "Net-(C3-Pad1)"))
    (pad 2 smd roundrect (at 1.025 0 180) (size 1.15 1.4) (layers F.Cu F.Paste F.Mask) (roundrect_rratio 0.217391)
      (net 2 GND))
    (model ${KISYS3DMOD}/Inductor_SMD.3dshapes/L_0805_2012Metric.wrl
      (at (xyz 0 0 0))
      (scale (xyz 1 1 1))
      (rotate (xyz 0 0 0))
    )
  )

  (module Inductor_SMD:L_0805_2012Metric_Pad1.15x1.40mm_HandSolder (layer F.Cu) (tedit 5B36C52B) (tstamp 5E150875)
    (at 148.2762 84.9122 90)
    (descr "Capacitor SMD 0805 (2012 Metric), square (rectangular) end terminal, IPC_7351 nominal with elongated pad for handsoldering. (Body size source: https://docs.google.com/spreadsheets/d/1BsfQQcO9C6DZCsRaXUlFlo91Tg2WpOkGARC1WS5S8t0/edit?usp=sharing), generated with kicad-footprint-generator")
    (tags "inductor handsolder")
    (path /5E150550)
    (attr smd)
    (fp_text reference L4 (at 0 -1.65 90) (layer F.SilkS)
      (effects (font (size 1 1) (thickness 0.15)))
    )
    (fp_text value INDUCTOR (at 0 1.65 90) (layer F.Fab)
      (effects (font (size 1 1) (thickness 0.15)))
    )
    (fp_text user %R (at 0 0 90) (layer F.Fab)
      (effects (font (size 0.5 0.5) (thickness 0.08)))
    )
    (fp_line (start 1.85 0.95) (end -1.85 0.95) (layer F.CrtYd) (width 0.05))
    (fp_line (start 1.85 -0.95) (end 1.85 0.95) (layer F.CrtYd) (width 0.05))
    (fp_line (start -1.85 -0.95) (end 1.85 -0.95) (layer F.CrtYd) (width 0.05))
    (fp_line (start -1.85 0.95) (end -1.85 -0.95) (layer F.CrtYd) (width 0.05))
    (fp_line (start -0.261252 0.71) (end 0.261252 0.71) (layer F.SilkS) (width 0.12))
    (fp_line (start -0.261252 -0.71) (end 0.261252 -0.71) (layer F.SilkS) (width 0.12))
    (fp_line (start 1 0.6) (end -1 0.6) (layer F.Fab) (width 0.1))
    (fp_line (start 1 -0.6) (end 1 0.6) (layer F.Fab) (width 0.1))
    (fp_line (start -1 -0.6) (end 1 -0.6) (layer F.Fab) (width 0.1))
    (fp_line (start -1 0.6) (end -1 -0.6) (layer F.Fab) (width 0.1))
    (pad 2 smd roundrect (at 1.025 0 90) (size 1.15 1.4) (layers F.Cu F.Paste F.Mask) (roundrect_rratio 0.217391)
      (net 6 "Net-(J2-Pad1)"))
    (pad 1 smd roundrect (at -1.025 0 90) (size 1.15 1.4) (layers F.Cu F.Paste F.Mask) (roundrect_rratio 0.217391)
      (net 5 "Net-(C4-Pad1)"))
    (model ${KISYS3DMOD}/Inductor_SMD.3dshapes/L_0805_2012Metric.wrl
      (at (xyz 0 0 0))
      (scale (xyz 1 1 1))
      (rotate (xyz 0 0 0))
    )
  )

  (gr_line (start 156.718 75.184) (end 125.349 75.184) (layer Edge.Cuts) (width 0.05))
  (gr_line (start 156.718 90.805) (end 156.718 75.184) (layer Edge.Cuts) (width 0.05))
  (gr_line (start 125.349 90.805) (end 156.718 90.805) (layer Edge.Cuts) (width 0.05))
  (gr_line (start 125.349 89.662) (end 125.349 90.805) (layer Edge.Cuts) (width 0.05))
  (gr_line (start 125.349 75.184) (end 125.349 89.662) (layer Edge.Cuts) (width 0.05))

  (segment (start 138.929601 81.297001) (end 138.938 81.3054) (width 0.25) (layer F.Cu) (net 1))
  (segment (start 128.143 81.297001) (end 138.929601 81.297001) (width 0.25) (layer F.Cu) (net 1))
  (segment (start 143.5862 81.3054) (end 143.6206 81.271) (width 0.25) (layer F.Cu) (net 3))
  (segment (start 140.988 81.3054) (end 143.5862 81.3054) (width 0.25) (layer F.Cu) (net 3))
  (segment (start 143.6206 83.321) (end 143.6206 85.852) (width 0.25) (layer F.Cu) (net 4))
  (segment (start 146.2442 88.637) (end 146.2606 88.6206) (width 0.25) (layer F.Cu) (net 4))
  (segment (start 143.646 88.637) (end 146.2442 88.637) (width 0.25) (layer F.Cu) (net 4))
  (segment (start 143.6206 88.6116) (end 143.646 88.637) (width 0.25) (layer F.Cu) (net 4))
  (segment (start 143.6206 85.852) (end 143.6206 88.6116) (width 0.25) (layer F.Cu) (net 4))
  (segment (start 148.3106 85.9716) (end 148.2762 85.9372) (width 0.25) (layer F.Cu) (net 5))
  (segment (start 148.3106 88.6206) (end 148.3106 85.9716) (width 0.25) (layer F.Cu) (net 5))
  (segment (start 153.8822 83.8872) (end 153.9494 83.82) (width 0.25) (layer F.Cu) (net 6))
  (segment (start 148.2762 83.8872) (end 153.8822 83.8872) (width 0.25) (layer F.Cu) (net 6))

  (zone (net 2) (net_name GND) (layer F.Cu) (tstamp 5E1516CD) (hatch edge 0.508)
    (connect_pads (clearance 0.508))
    (min_thickness 0.254)
    (fill yes (arc_segments 16) (thermal_gap 0.508) (thermal_bridge_width 0.508))
    (polygon
      (pts
        (xy 124.333 71.755) (xy 124.206 94.234) (xy 160.655 94.361) (xy 160.655 71.755)
      )
    )
    (filled_polygon
      (pts
        (xy 132.494014 82.264986) (xy 132.495197 82.265777) (xy 132.340273 82.420702) (xy 132.2436 82.654091) (xy 132.2436 83.06965)
        (xy 132.40235 83.2284) (xy 133.4516 83.2284) (xy 133.4516 83.2084) (xy 133.7056 83.2084) (xy 133.7056 83.2284)
        (xy 134.75485 83.2284) (xy 134.874 83.10925) (xy 134.99315 83.2284) (xy 136.0424 83.2284) (xy 136.0424 83.2084)
        (xy 136.2964 83.2084) (xy 136.2964 83.2284) (xy 137.34565 83.2284) (xy 137.5044 83.06965) (xy 137.5044 82.654091)
        (xy 137.407727 82.420702) (xy 137.252803 82.265777) (xy 137.253986 82.264986) (xy 137.392958 82.057001) (xy 137.775552 82.057001)
        (xy 137.783873 82.098836) (xy 137.978414 82.389986) (xy 138.269564 82.584527) (xy 138.612999 82.65284) (xy 139.263001 82.65284)
        (xy 139.606436 82.584527) (xy 139.897586 82.389986) (xy 139.963 82.292087) (xy 140.028414 82.389986) (xy 140.319564 82.584527)
        (xy 140.662999 82.65284) (xy 141.313001 82.65284) (xy 141.656436 82.584527) (xy 141.947586 82.389986) (xy 142.142127 82.098836)
        (xy 142.148778 82.0654) (xy 142.42564 82.0654) (xy 142.536014 82.230586) (xy 142.633913 82.296) (xy 142.536014 82.361414)
        (xy 142.341473 82.652564) (xy 142.27316 82.995999) (xy 142.27316 83.646001) (xy 142.341473 83.989436) (xy 142.536014 84.280586)
        (xy 142.827164 84.475127) (xy 142.8606 84.481778) (xy 142.860601 84.634054) (xy 142.661014 84.767414) (xy 142.660223 84.768597)
        (xy 142.505298 84.613673) (xy 142.271909 84.517) (xy 141.85635 84.517) (xy 141.6976 84.67575) (xy 141.6976 85.725)
        (xy 141.7176 85.725) (xy 141.7176 85.979) (xy 141.6976 85.979) (xy 141.6976 87.02825) (xy 141.85635 87.187)
        (xy 142.271909 87.187) (xy 142.505298 87.090327) (xy 142.660223 86.935403) (xy 142.661014 86.936586) (xy 142.8606 87.069946)
        (xy 142.860601 87.436026) (xy 142.686414 87.552414) (xy 142.685623 87.553597) (xy 142.530698 87.398673) (xy 142.297309 87.302)
        (xy 141.88175 87.302) (xy 141.723 87.46075) (xy 141.723 88.51) (xy 141.743 88.51) (xy 141.743 88.764)
        (xy 141.723 88.764) (xy 141.723 89.81325) (xy 141.88175 89.972) (xy 142.297309 89.972) (xy 142.530698 89.875327)
        (xy 142.685623 89.720403) (xy 142.686414 89.721586) (xy 142.977564 89.916127) (xy 143.320999 89.98444) (xy 143.971001 89.98444)
        (xy 144.314436 89.916127) (xy 144.605586 89.721586) (xy 144.800127 89.430436) (xy 144.806778 89.397) (xy 145.103084 89.397)
        (xy 145.106473 89.414036) (xy 145.301014 89.705186) (xy 145.592164 89.899727) (xy 145.935599 89.96804) (xy 146.585601 89.96804)
        (xy 146.929036 89.899727) (xy 147.220186 89.705186) (xy 147.2856 89.607287) (xy 147.351014 89.705186) (xy 147.642164 89.899727)
        (xy 147.985599 89.96804) (xy 148.635601 89.96804) (xy 148.979036 89.899727) (xy 149.270186 89.705186) (xy 149.464727 89.414036)
        (xy 149.53304 89.070601) (xy 149.53304 88.35575) (xy 150.7744 88.35575) (xy 150.7744 88.946309) (xy 150.871073 89.179698)
        (xy 151.049701 89.358327) (xy 151.28309 89.455) (xy 153.66365 89.455) (xy 153.8224 89.29625) (xy 153.8224 88.197)
        (xy 150.93315 88.197) (xy 150.7744 88.35575) (xy 149.53304 88.35575) (xy 149.53304 88.170599) (xy 149.464727 87.827164)
        (xy 149.270186 87.536014) (xy 149.0706 87.402654) (xy 149.0706 87.193691) (xy 150.7744 87.193691) (xy 150.7744 87.78425)
        (xy 150.93315 87.943) (xy 153.8224 87.943) (xy 153.8224 86.84375) (xy 153.66365 86.685) (xy 151.28309 86.685)
        (xy 151.049701 86.781673) (xy 150.871073 86.960302) (xy 150.7744 87.193691) (xy 149.0706 87.193691) (xy 149.0706 87.090683)
        (xy 149.360786 86.896786) (xy 149.555327 86.605636) (xy 149.62364 86.262201) (xy 149.62364 85.612199) (xy 149.555327 85.268764)
        (xy 149.360786 84.977614) (xy 149.262887 84.9122) (xy 149.360786 84.846786) (xy 149.494146 84.6472) (xy 150.777316 84.6472)
        (xy 150.811243 84.817765) (xy 150.951591 85.027809) (xy 151.161635 85.168157) (xy 151.4094 85.21744) (xy 156.058 85.21744)
        (xy 156.058 86.685) (xy 154.23515 86.685) (xy 154.0764 86.84375) (xy 154.0764 87.943) (xy 154.0964 87.943)
        (xy 154.0964 88.197) (xy 154.0764 88.197) (xy 154.0764 89.29625) (xy 154.23515 89.455) (xy 156.058 89.455)
        (xy 156.058 90.145) (xy 126.009 90.145) (xy 126.009 88.92275) (xy 140.386 88.92275) (xy 140.386 89.46331)
        (xy 140.482673 89.696699) (xy 140.661302 89.875327) (xy 140.894691 89.972) (xy 141.31025 89.972) (xy 141.469 89.81325)
        (xy 141.469 88.764) (xy 140.54475 88.764) (xy 140.386 88.92275) (xy 126.009 88.92275) (xy 126.009 87.81069)
        (xy 140.386 87.81069) (xy 140.386 88.35125) (xy 140.54475 88.51) (xy 141.469 88.51) (xy 141.469 87.46075)
        (xy 141.31025 87.302) (xy 140.894691 87.302) (xy 140.661302 87.398673) (xy 140.482673 87.577301) (xy 140.386 87.81069)
        (xy 126.009 87.81069) (xy 126.009 86.932001) (xy 127.85725 86.932001) (xy 128.016 86.773251) (xy 128.016 85.674001)
        (xy 128.27 85.674001) (xy 128.27 86.773251) (xy 128.42875 86.932001) (xy 130.80931 86.932001) (xy 131.042699 86.835328)
        (xy 131.221327 86.656699) (xy 131.318 86.42331) (xy 131.318 86.13775) (xy 140.3606 86.13775) (xy 140.3606 86.67831)
        (xy 140.457273 86.911699) (xy 140.635902 87.090327) (xy 140.869291 87.187) (xy 141.28485 87.187) (xy 141.4436 87.02825)
        (xy 141.4436 85.979) (xy 140.51935 85.979) (xy 140.3606 86.13775) (xy 131.318 86.13775) (xy 131.318 85.832751)
        (xy 131.15925 85.674001) (xy 128.27 85.674001) (xy 128.016 85.674001) (xy 127.996 85.674001) (xy 127.996 85.420001)
        (xy 128.016 85.420001) (xy 128.016 84.320751) (xy 128.27 84.320751) (xy 128.27 85.420001) (xy 131.15925 85.420001)
        (xy 131.318 85.261251) (xy 131.318 85.02569) (xy 140.3606 85.02569) (xy 140.3606 85.56625) (xy 140.51935 85.725)
        (xy 141.4436 85.725) (xy 141.4436 84.67575) (xy 141.28485 84.517) (xy 140.869291 84.517) (xy 140.635902 84.613673)
        (xy 140.457273 84.792301) (xy 140.3606 85.02569) (xy 131.318 85.02569) (xy 131.318 84.670692) (xy 131.221327 84.437303)
        (xy 131.042699 84.258674) (xy 130.80931 84.162001) (xy 128.42875 84.162001) (xy 128.27 84.320751) (xy 128.016 84.320751)
        (xy 127.85725 84.162001) (xy 126.009 84.162001) (xy 126.009 83.64115) (xy 132.2436 83.64115) (xy 132.2436 84.056709)
        (xy 132.340273 84.290098) (xy 132.518901 84.468727) (xy 132.75229 84.5654) (xy 133.29285 84.5654) (xy 133.4516 84.40665)
        (xy 133.4516 83.4824) (xy 133.7056 83.4824) (xy 133.7056 84.40665) (xy 133.86435 84.5654) (xy 134.40491 84.5654)
        (xy 134.638299 84.468727) (xy 134.816927 84.290098) (xy 134.874 84.152312) (xy 134.931073 84.290098) (xy 135.109701 84.468727)
        (xy 135.34309 84.5654) (xy 135.88365 84.5654) (xy 136.0424 84.40665) (xy 136.0424 83.4824) (xy 136.2964 83.4824)
        (xy 136.2964 84.40665) (xy 136.45515 84.5654) (xy 136.99571 84.5654) (xy 137.229099 84.468727) (xy 137.407727 84.290098)
        (xy 137.5044 84.056709) (xy 137.5044 83.64115) (xy 137.34565 83.4824) (xy 136.2964 83.4824) (xy 136.0424 83.4824)
        (xy 134.99315 83.4824) (xy 134.874 83.60155) (xy 134.75485 83.4824) (xy 133.7056 83.4824) (xy 133.4516 83.4824)
        (xy 132.40235 83.4824) (xy 132.2436 83.64115) (xy 126.009 83.64115) (xy 126.009 82.694441) (xy 130.683 82.694441)
        (xy 130.930765 82.645158) (xy 131.140809 82.50481) (xy 131.281157 82.294766) (xy 131.328451 82.057001) (xy 132.355042 82.057001)
      )
    )
    (filled_polygon
      (pts
        (xy 156.058001 78.185) (xy 154.23515 78.185) (xy 154.0764 78.34375) (xy 154.0764 79.443) (xy 154.0964 79.443)
        (xy 154.0964 79.697) (xy 154.0764 79.697) (xy 154.0764 80.79625) (xy 154.23515 80.955) (xy 156.058001 80.955)
        (xy 156.058001 82.42256) (xy 151.4094 82.42256) (xy 151.161635 82.471843) (xy 150.951591 82.612191) (xy 150.811243 82.822235)
        (xy 150.76196 83.07) (xy 150.76196 83.1272) (xy 149.494146 83.1272) (xy 149.360786 82.927614) (xy 149.069636 82.733073)
        (xy 148.726201 82.66476) (xy 147.826199 82.66476) (xy 147.482764 82.733073) (xy 147.191614 82.927614) (xy 146.997073 83.218764)
        (xy 146.92876 83.562199) (xy 146.92876 84.212201) (xy 146.997073 84.555636) (xy 147.191614 84.846786) (xy 147.289513 84.9122)
        (xy 147.191614 84.977614) (xy 146.997073 85.268764) (xy 146.92876 85.612199) (xy 146.92876 86.262201) (xy 146.997073 86.605636)
        (xy 147.191614 86.896786) (xy 147.482764 87.091327) (xy 147.550601 87.10482) (xy 147.5506 87.402654) (xy 147.351014 87.536014)
        (xy 147.2856 87.633913) (xy 147.220186 87.536014) (xy 146.929036 87.341473) (xy 146.585601 87.27316) (xy 145.935599 87.27316)
        (xy 145.592164 87.341473) (xy 145.301014 87.536014) (xy 145.106473 87.827164) (xy 145.09656 87.877) (xy 144.806778 87.877)
        (xy 144.800127 87.843564) (xy 144.605586 87.552414) (xy 144.3806 87.402083) (xy 144.3806 87.069946) (xy 144.580186 86.936586)
        (xy 144.774727 86.645436) (xy 144.84304 86.302001) (xy 144.84304 85.401999) (xy 144.774727 85.058564) (xy 144.580186 84.767414)
        (xy 144.3806 84.634054) (xy 144.3806 84.481778) (xy 144.414036 84.475127) (xy 144.705186 84.280586) (xy 144.899727 83.989436)
        (xy 144.96804 83.646001) (xy 144.96804 82.995999) (xy 144.899727 82.652564) (xy 144.705186 82.361414) (xy 144.607287 82.296)
        (xy 144.705186 82.230586) (xy 144.899727 81.939436) (xy 144.96804 81.596001) (xy 144.96804 80.945999) (xy 144.899727 80.602564)
        (xy 144.705186 80.311414) (xy 144.414036 80.116873) (xy 144.070601 80.04856) (xy 143.170599 80.04856) (xy 142.827164 80.116873)
        (xy 142.536014 80.311414) (xy 142.379669 80.5454) (xy 142.148778 80.5454) (xy 142.142127 80.511964) (xy 141.947586 80.220814)
        (xy 141.656436 80.026273) (xy 141.313001 79.95796) (xy 140.662999 79.95796) (xy 140.319564 80.026273) (xy 140.028414 80.220814)
        (xy 139.963 80.318713) (xy 139.897586 80.220814) (xy 139.606436 80.026273) (xy 139.263001 79.95796) (xy 138.612999 79.95796)
        (xy 138.269564 80.026273) (xy 137.978414 80.220814) (xy 137.783873 80.511964) (xy 137.778893 80.537001) (xy 137.381734 80.537001)
        (xy 137.253986 80.345814) (xy 136.962836 80.151273) (xy 136.619401 80.08296) (xy 135.719399 80.08296) (xy 135.375964 80.151273)
        (xy 135.084814 80.345814) (xy 134.957066 80.537001) (xy 134.790934 80.537001) (xy 134.663186 80.345814) (xy 134.372036 80.151273)
        (xy 134.028601 80.08296) (xy 133.128599 80.08296) (xy 132.785164 80.151273) (xy 132.494014 80.345814) (xy 132.366266 80.537001)
        (xy 131.328451 80.537001) (xy 131.281157 80.299236) (xy 131.140809 80.089192) (xy 130.930765 79.948844) (xy 130.683 79.899561)
        (xy 126.009 79.899561) (xy 126.009 79.85575) (xy 150.7744 79.85575) (xy 150.7744 80.446309) (xy 150.871073 80.679698)
        (xy 151.049701 80.858327) (xy 151.28309 80.955) (xy 153.66365 80.955) (xy 153.8224 80.79625) (xy 153.8224 79.697)
        (xy 150.93315 79.697) (xy 150.7744 79.85575) (xy 126.009 79.85575) (xy 126.009 78.693691) (xy 150.7744 78.693691)
        (xy 150.7744 79.28425) (xy 150.93315 79.443) (xy 153.8224 79.443) (xy 153.8224 78.34375) (xy 153.66365 78.185)
        (xy 151.28309 78.185) (xy 151.049701 78.281673) (xy 150.871073 78.460302) (xy 150.7744 78.693691) (xy 126.009 78.693691)
        (xy 126.009 78.432001) (xy 127.85725 78.432001) (xy 128.016 78.273251) (xy 128.016 77.174001) (xy 128.27 77.174001)
        (xy 128.27 78.273251) (xy 128.42875 78.432001) (xy 130.80931 78.432001) (xy 131.042699 78.335328) (xy 131.221327 78.156699)
        (xy 131.318 77.92331) (xy 131.318 77.332751) (xy 131.15925 77.174001) (xy 128.27 77.174001) (xy 128.016 77.174001)
        (xy 127.996 77.174001) (xy 127.996 76.920001) (xy 128.016 76.920001) (xy 128.016 76.900001) (xy 128.27 76.900001)
        (xy 128.27 76.920001) (xy 131.15925 76.920001) (xy 131.318 76.761251) (xy 131.318 76.170692) (xy 131.221327 75.937303)
        (xy 131.128025 75.844) (xy 156.058001 75.844)
      )
    )
  )
  (zone (net 2) (net_name GND) (layer B.Cu) (tstamp 5E1516CA) (hatch edge 0.508)
    (connect_pads (clearance 0.508))
    (min_thickness 0.254)
    (fill yes (arc_segments 16) (thermal_gap 0.508) (thermal_bridge_width 0.508))
    (polygon
      (pts
        (xy 161.163 94.742) (xy 124.079 94.742) (xy 123.825 71.755) (xy 160.909 71.755)
      )
    )
    (filled_polygon
      (pts
        (xy 156.058001 78.185) (xy 154.23515 78.185) (xy 154.0764 78.34375) (xy 154.0764 79.443) (xy 154.0964 79.443)
